# Malla de 21 x 21 puntos de Inglaterra
21 21
eng21ini.red
   6.328500   95.970802   12.150300   97.092300   10.459900   91.882599    8.819600   85.137802 
   8.382000   79.759003   10.790400   81.745903   12.676900   86.332100   15.522600 
  84.600800   13.665200   74.422203   12.628900   70.246300   19.751801   70.479698 
  24.676500   71.092102   26.475201   67.508003   29.132700   61.939301   32.987301 
  59.682899   31.354900   52.764000   26.868000   50.289200   19.415001   45.706600 
  23.123100   40.743801   17.506201   34.265301   13.292100   31.499701   14.115500 
  28.044399   22.706900   24.929701   29.580799   23.417400   34.334499   24.337200 
  28.207600   21.059900   22.883699   21.111401   18.325399   15.461600   14.851200 
  11.426200    7.646600    6.452300   13.710200    5.107800   20.579000    9.478600 
  27.260700    9.256700   29.728399   13.946800   35.913399   12.766400   40.811501 
  12.297100   45.010899   18.149300   56.477600   15.073300   60.622700   15.324500 
  64.818398   17.879299   69.990997   22.524900   66.807404   24.950800   64.590401 
  27.688700   67.048897   30.377899   70.554001   34.594398   72.428596   37.668499 
  72.554703   42.958801   70.417801   45.605999   61.202900   46.151402   58.024799 
  47.142601   59.298801   50.380600   58.025799   53.699799   55.717300   58.971001 
  54.436401   63.394699   51.538601   66.778099   48.481400   68.781998   45.424198 
  70.785797   43.142300   75.322800   41.075600   82.299004   38.703400   88.259903 
  35.668301   89.684097   32.706299   89.066002   32.003700   91.211304   32.280701 
  96.115196   36.246399  100.561897   38.076302  103.678596   38.508999  111.573303 
  33.294800  111.475998   29.715200  110.735497   22.555901  109.254501   21.038000 
 114.530701   24.219999  116.777603   26.911699  118.678398   27.039600  124.144302 
  20.085600  122.483002   14.918100  122.541298   12.626100  119.755203   10.793400 
 113.870697    8.256000  108.413101    7.429900  100.355797   12.841604   98.315314 
  12.418825  104.249412   12.313082  109.336632   13.135955  113.896421   14.659604 
 117.267228   16.566402  118.002836   17.947762  117.952855   18.656134  117.077765 
  19.266180  116.075263   19.957791  114.423330   22.326501  107.543059   26.736461 
 106.822185   29.343467  105.799156   31.103909  104.469526   30.854501  101.282785 
  30.763212   98.583878   30.772772   95.531958   31.275275   89.829074   32.773579 
  87.848071   13.309979   96.659988   14.280852   98.445212   14.181827  104.287231 
  14.412061  108.356870   15.223511  110.804209   16.340554  111.517729   17.482904 
 111.173652   18.614343  110.121780   19.782005  108.733565   21.079457  106.874093 
  22.778074  103.648399   24.467441  102.379803   25.500572  100.228363   26.414483 
  97.850222   27.455335   95.154951   28.582516   92.807575   29.641895   91.085703 
  31.048005   89.027744   35.681584   83.036754   11.837327   91.723442   14.794354 
  95.612627   15.497870   99.678223   15.911198  102.756176   16.554779  104.502501 
  17.447722  104.976076   18.481813  104.548267   19.595861  103.524558   20.756412 
 102.149636   21.965035  100.435901   23.271537   98.197324   24.508374   96.184331 
  25.787826   93.985575   27.161287   91.760239   28.698634   89.464601   30.509962 
  87.014960   32.659712   84.426591   35.264521   81.581687   39.146087   77.697616 
  11.622237   89.657058   15.063493   93.003490   16.367460   95.297221   17.152322 
  97.176807   17.908011   98.243152   18.777085   98.439327   19.767337   97.932031 
  20.860143   96.915444   22.043704   95.534043   23.332286   93.831939   24.765940 
  91.820448   26.302745   89.733390   27.974050   87.552616   29.778189   85.354369 
  31.767679   83.092028   34.034779   80.673974   36.586785   78.132397   39.626661 
  75.191594   43.680137   71.411735   12.055175   88.863896   15.286985   90.655176 
  17.007081   91.325381   18.153293   92.024712   19.145141   92.391999   20.163061 
  92.259604   21.281071   91.632244   22.524007   90.595398   23.905255   89.226792 
  25.440405   87.580518   27.170253   85.648448   29.053709   83.573299   31.087625 
  81.393715   33.204934   79.245622   35.454016   77.069196   37.851570   74.858974 
  40.436849   72.589987   43.292871   70.257626   46.297477   68.340885   12.941174 
  88.074987   15.795007   88.274264   17.793064   87.704796   19.288405   87.466719 
  20.599694   87.240662   21.904220   86.774038   23.300839   85.966113   24.834239 
  84.819877   26.523988   83.366540   28.368684   81.656823   30.390022   79.697142 
  32.531351   77.617680   34.747276   75.516574   37.034669   73.426759   39.365955 
  71.407339   41.765823   69.465076   44.278320   67.624542   46.896461   66.070992 
  49.456865   65.345931   16.455556   84.891584   17.713456   84.719828   19.357548 
  83.792078   20.989533   83.183660   22.595359   82.633275   24.237489   81.873538 
  25.984906   80.793754   27.856666   79.403321   29.850240   77.747340   31.962982 
  75.867152   34.173086   73.833987   36.426282   71.770160   38.683509   69.768492 
  40.947622   67.860854   43.212206   66.101320   45.485988   64.544366   47.797937 
  63.266114   50.143245   62.467051   52.406526   62.533164   15.902261   77.791032 
  17.703903   79.733136   19.867428   80.165516   22.310705   79.662766   24.662183 
  78.714941   26.907273   77.447466   29.126479   75.886658   31.351823   74.093655 
  33.580991   72.150431   35.819530   70.112332   38.053339   68.052965   40.243808 
  66.077405   42.381676   64.241635   44.466648   62.588597   46.504151   61.162152 
  48.495374   60.024766   50.447247   59.242764   52.349989   58.873894   54.142416 
  58.864102   16.895331   74.301226   19.604261   77.045346   22.352049   77.245230 
  25.156179   76.187471   27.811940   74.623197   30.328150   72.776464   32.745166 
  70.741350   35.073836   68.608915   37.305827   66.471803   39.443205   64.393784 
  41.503681   62.405290   43.478188   60.572540   45.378817   58.925084   47.213589 
  57.499874   48.990127   56.339575   50.715189   55.498886   52.404751   55.021295 
  54.108944   54.840995   55.919617   54.638422   20.356060   73.394544   22.683901 
  74.852595   25.559728   74.030941   28.524933   72.194077   31.280355   70.022742 
  33.823580   67.714727   36.182915   65.360848   38.363491   63.055436   40.389051 
  60.848190   42.271262   58.796988   44.047446   56.910822   45.748698   55.204443 
  47.398028   53.704637   49.019066   52.428637   50.617908   51.421007   52.185522 
  50.762767   53.712462   50.547025   55.257221   50.692490   56.990227   50.826506 
  25.137943   71.687115   26.091843   71.865609   29.023291   70.028216   31.953588 
  67.540027   34.554288   64.958578   36.854767   62.392741   38.905639   59.899291 
  40.745721   57.533871   42.421865   55.330884   43.981824   53.319580   45.474400 
  51.522653   46.953501   49.926494   48.449804   48.540501   49.979518   47.366139 
  51.543507   46.422445   53.106540   45.795596   54.547152   45.650069   55.757624 
  45.965203   56.822751   46.507772   29.254112   66.766412   30.922955   66.102264 
  32.947512   64.484477   35.153591   62.126002   37.151687   59.594143   38.949827 
  56.972328   40.534877   54.417929   41.960273   52.017216   43.293887   49.854900 
  44.626239   47.944472   46.024812   46.274375   47.530347   44.823785   49.165648 
  43.593538   50.960419   42.603995   52.940671   41.909317   55.119228   41.620556 
  57.415574   41.893146   59.624177   42.745688   61.391594   44.082489   33.272535 
  61.384406   34.609439   60.055178   35.735059   58.745965   37.031722   56.816038 
  38.404067   54.212768   39.626664   51.482204   40.728125   48.903959   41.832044 
  46.635767   43.042751   44.678090   44.400337   42.974124   45.915476   41.490243 
  47.594874   40.223580   49.458215   39.209382   51.540806   38.501909   53.887904 
  38.180358   56.543697   38.345843   59.491836   39.145951   62.672775   40.686921 
  66.063973   42.969687   33.516227   59.714700   34.989116   55.012626   35.874697 
  52.350340   36.737757   50.169485   37.637029   47.948291   38.596882   45.652743 
  39.679495   43.519768   40.910727   41.588603   42.296484   39.876104   43.825565 
  38.367537   45.490413   37.058444   47.302320   35.975156   49.297850   35.179870 
  51.540269   34.752253   54.097207   34.761309   57.008930   35.257262   60.273159 
  36.354413   63.891952   38.123599   67.910458   40.327777   32.128562   51.343103 
  32.845965   49.114111   33.666687   46.563560   34.811793   44.282596   36.136045 
  42.143982   37.463960   39.876763   38.816663   38.030684   40.220021   36.437763 
  41.688608   35.033559   43.230872   33.783249   44.858539   32.689141   46.612276 
  31.805890   48.564725   31.221769   50.820004   31.044507   53.469696   31.321323 
  56.498844   32.002696   59.853295   33.184448   63.589879   34.993213   67.766613 
  36.867636   28.203888   47.262244   29.923970   44.285276   31.748383   41.279854 
  33.793982   38.639618   35.817277   36.300786   37.460652   33.371865   38.754632 
  31.860346   39.969312   30.735461   41.189223   29.765026   42.446199   28.876622 
  43.782060   28.078546   45.271882   27.445175   47.029548   27.090316   49.235743 
  27.182703   51.997172   27.750080   55.139085   28.526766   58.460386   29.599836 
  62.107823   31.466390   66.146842   33.412518   25.452681   43.384538   28.423155 
  39.549636   31.269980   35.962739   34.438645   32.760697   36.738272   30.189961 
  38.781640   24.514631   39.312810   23.744182   39.811556   23.373356   40.352636 
  23.075463   40.986469   22.822278   41.780014   22.606822   42.831526   22.465669 
  44.314113   22.519238   46.563431   23.040268   49.686168   24.108583   53.112981 
  25.014333   56.497798   25.661248   60.015233   27.537925   63.639905   29.705920 
  25.443056   38.898735   27.611265   34.632462   31.246855   30.965780   36.255791 
  25.128151   36.776615   24.333550   37.122749   23.672256   32.909692   20.402450 
  31.238688   18.789322   30.701231   17.840112   31.719915   17.721885   33.650870 
  18.033397   35.717480   18.297404   37.988629   18.496934   41.293818   19.119776 
  45.494398   20.678529   49.803147   22.019977   54.565859   21.895482   58.508590 
  23.445520   61.671042   25.928125   20.639364   32.533171   24.993766   29.915112 
  29.882473   27.787321   35.354285   24.724865   29.972532   20.470273   28.166283 
  18.936652   25.288535   16.882472   22.561690   14.728108   20.153471   12.661643 
  21.746978   12.658013   24.903675   13.635739   27.304978   14.243268   29.746472 
  14.885800   36.601957   15.752891   40.824765   17.201220   45.209649   19.140916 
  53.871401   18.564555   59.135336   19.578890   63.207643   21.876137 
0
0
