% Malla de 41 x 41 puntos de Inglaterra
41 41
eng41ini.red
   6.328500   95.970802    9.314800   95.655098   12.150300   97.092300   12.263900   94.663002 
  10.459900   91.882599    8.573900   88.975800    8.819600   85.137802    9.029600 
  81.858498    9.851100   77.886803   10.790400   81.745903   10.719200   84.641502 
  12.676900   86.332100   15.330200   88.623199   15.522600   84.600800   15.634700 
  82.482101   16.245899   80.523804   15.824300   77.371803   13.665200   74.422203 
  12.628900   70.246300   16.282301   69.490799   19.751801   70.479698   21.400900 
  70.684799   24.676500   71.092102   26.995300   71.126297   26.475201   67.508003 
  26.777201   63.968201   30.945299   61.704300   32.987301   59.682899   32.687901 
  56.100201   31.354900   52.764000   29.879101   50.844501   26.868000   50.289200 
  23.366400   49.643501   21.425900   47.710201   19.415001   45.706600   22.038500 
  43.008999   22.663799   39.025200   20.562300   36.271000   17.506201   34.265301 
  16.051701   33.310699   13.292100   31.499701   14.115500   28.044399   17.552000 
  26.798500   20.579100   25.701200   22.706900   24.929701   26.143400   23.683901 
  29.580799   23.417400   32.651501   25.247999   34.334499   24.337200   31.580900 
  22.042700   26.379900   21.077600   22.883699   21.111401   20.397600   19.404100 
  18.325399   15.461600   16.975000   12.892400   14.851200   11.426200   11.843100 
   9.349400    9.159500    7.496800    7.646600    6.452300   10.622300    4.156700 
  13.710200    5.107800   17.213699    8.487800   20.579000    9.478600   22.528299 
   8.808600   27.260700    9.256700   28.111700   10.874200   29.728399   13.946800 
  32.914299   15.401200   37.677601   11.216400   40.811501   12.297100   43.148998 
  14.868700   45.010899   18.149300   46.920601   16.583599   49.289101   15.385100 
  52.828899   14.852300   56.477600   15.073300   60.622700   15.324500   64.818398 
  17.879299   67.821297   19.963699   69.990997   22.524900   70.147697   24.598801 
  66.807404   24.950800   65.337799   24.710501   64.032501   24.497101   64.590401 
  27.688700   67.048897   30.377899   68.217300   31.783400   69.550697   33.387402 
  70.554001   34.594398   72.428596   37.668499   72.671700   39.756100   72.838303 
  41.187500   72.554703   42.958801   70.417801   45.605999   66.998001   46.734798 
  65.125900   46.546299   63.021400   46.334499   61.202900   46.151402   58.023499 
  47.143002   59.298801   50.380600   58.809399   51.656700   58.025799   53.699799 
  54.878502   55.695499   56.312901   56.914200   55.717300   58.971001   55.110600 
  61.066299   54.399200   63.522999   52.887299   65.243401   51.538601   66.778099 
  50.125999   67.703903   48.481400   68.781998   45.424198   70.785797   44.181400 
  73.256798   43.142300   75.322800   42.528301   78.648499   41.945099   80.114098 
  41.075600   82.299004   39.723999   85.695396   39.256302   86.870598   38.703400 
  88.259903   35.668301   89.684097   32.706299   89.066002   29.128000   88.319298 
  30.459801   89.658600   32.003700   91.211304   32.648998   93.072197   32.280701 
  96.115196   33.813400   97.833702   36.246399  100.561897   38.076302  103.678596 
  39.931900  107.873901   39.945099  109.342903   38.508999  111.573303   35.571098 
 111.807404   33.294800  111.475998   29.715200  110.735497   26.135500  109.995003 
  24.372801  109.630302   22.555901  109.254501   20.262199  108.779999   19.528000 
 111.288696   21.038000  114.530701   24.518999  116.988800   26.911699  118.678398 
  28.605200  121.803703   27.039600  124.144302   25.326900  123.735199   23.641001 
 123.332397   20.085600  122.483002   17.070801  121.762703   14.918100  122.541298 
  12.626100  119.755203   11.539100  116.265198   10.793400  113.870697    8.565400 
 111.470802    8.256000  108.413101    8.515400  106.763496    8.959200  103.941498 
   7.875200  102.128403    7.429900  100.355797    9.501483   98.414531    9.863292 
 100.297897   10.281783  102.181508   10.030122  104.639305    9.569389  107.166235 
   9.530320  109.850938   10.790261  111.979893   11.839153  114.610270   12.893422 
 117.359903   14.396436  119.311225   16.206026  119.848574   18.387122  120.411461 
  20.543157  120.788567   22.124508  120.770789   23.300052  120.469249   23.695260 
 119.441586   22.871173  117.942148   21.642912  116.362845   20.221538  114.324308 
  19.217485  111.103187   20.253061  108.051799   22.746916  107.892239   24.794232 
 107.903238   26.789821  108.052311   29.080689  108.249045   31.348742  108.277869 
  33.207997  107.981670   34.757347  107.236416   35.434211  105.702045   35.225221 
 103.836853   34.042817  101.323792   32.601003   98.905112   31.355385   96.621897 
  30.493534   94.630323   29.600688   91.959125   28.393316   88.529357   28.631624 
  88.372317   28.928705   88.210583   34.153542   87.695709   12.271396   97.806466 
  12.331351   98.700534   12.189079  100.352873   11.619398  102.887938   10.857880 
 105.613206   10.516445  108.177170   11.104314  110.234862   11.941793  112.527461 
  12.869305  114.823343   13.991785  116.538021   15.305104  117.447447   16.741584 
 117.997897   18.052873  118.217065   19.007514  118.098190   19.570809  117.711308 
  19.657893  116.966875   19.432992  115.901333   19.181454  114.676314   18.997187 
 113.242063   18.922974  110.766570   20.276890  107.285757   22.723062  106.519478 
  24.720889  106.116676   26.514125  105.863281   28.189737  105.607630   29.684650 
 105.201306   30.871818  104.542995   31.629670  103.554003   31.765531  102.134687 
  31.322915  100.362048   30.517507   98.228648   29.706273   95.968443   29.098485 
  93.741007   28.801201   92.081724   27.902337   88.562669   28.235047   88.283331 
  31.377076   85.714699   32.407596   85.607276   35.722589   86.352159   12.616226 
  94.874111   12.995135   95.331226   13.054040   97.949021   12.782838  100.649388 
  12.056959  103.758249   11.566265  106.386482   11.724430  108.447288   12.234533 
 110.393725   12.906975  112.242031   13.702563  113.702493   14.567634  114.619591 
  15.401887  115.093520   16.077596  115.160265   16.545850  114.879834   16.874126 
 114.360730   17.143778  113.653702   17.422045  112.808539   17.750495  111.896666 
  18.148745  110.954949   18.697344  109.783144   20.444048  106.225380   22.686710 
 104.991173   24.471834  104.203149   25.923832  103.540209   27.112529  102.885250 
  28.048984  102.147726   28.692106  101.234606   28.949923  100.021840   28.813137 
  98.444207   28.466784   96.571359   28.071079   94.375955   27.876276   92.582467 
  27.199099   88.793397   27.470493   88.533448   27.758621   88.299762   30.709850 
  85.561210   32.763198   84.355802   34.955425   84.395933   37.394318   85.023996 
  11.437409   92.277421   13.133193   94.326952   13.624898   95.012967   13.561059 
  98.642546   13.031143  101.827707   12.586477  104.457971   12.540292  106.492310 
  12.805882  108.190312   13.242159  109.647474   13.778132  110.767188   14.357879 
 111.465866   14.926664  111.755505   15.454714  111.686601   15.951421  111.350028 
  16.444385  110.824511   16.962328  110.145131   17.533616  109.322101   18.186478 
 108.358751   18.947008  107.262855   19.874743  105.962000   21.214776  104.042360 
  22.923982  103.011153   24.251479  101.991216   25.234378  100.987477   25.954472 
  99.991571   26.469897   98.974266   26.802660   97.858791   26.886171   96.394262 
  26.785438   94.475784   26.801591   92.827792   26.438242   89.145299   26.744825 
  88.787465   27.060541   88.474919   29.668616   85.563588   30.888429   84.683652 
  32.443230   83.716749   34.535984   82.923199   36.724109   83.098018   38.882043 
  83.136681    9.769746   89.616688   12.052332   91.864360   13.790720   94.122507 
  14.105474   97.191031   13.842498  100.089195   13.538379  102.529091   13.462633 
 104.426692   13.618541  105.912474   13.932449  107.074630   14.351265  107.905343 
  14.839263  108.384225   15.371562  108.525489   15.936919  108.370879   16.534189 
 107.978495   17.167705  107.398459   17.844687  106.663857   18.573333  105.799009 
  19.360682  104.828866   20.213916  103.770917   21.142481  102.626820   22.164344 
 101.409462   23.114353  100.516683   23.857898   99.362374   24.381359   98.110539 
  24.753478   96.825588   25.053972   95.556890   25.356794   94.407980   25.596043 
  93.041528   25.585811   89.738703   25.940676   89.232592   26.308782   88.785033 
  28.557874   85.856432   29.775941   84.745857   31.266758   83.531653   32.968443 
  82.538799   34.659061   81.850217   36.520559   81.521011   38.289241   81.527320 
  40.048327   81.173307    9.572116   87.765657   11.602687   90.502043   13.882731 
  93.302784   14.521993   95.855684   14.531257   98.443423   14.409691  100.624092 
  14.406252  102.308711   14.560373  103.579908   14.845639  104.511211   15.234144 
 105.125820   15.704117  105.433165   16.239060  105.451828   16.826122  105.215036 
  17.455054  104.765146   18.117013  104.145910   18.804196  103.395523   19.507842 
 102.549189   20.216229  101.638563   20.914451  100.683234   21.579486   99.699511 
  22.180332   98.686701   22.675904   97.649357   23.044408   96.394941   23.364096 
  95.021992   23.711305   93.511881   24.163197   91.828626   24.656923   90.582049 
  25.016344   89.986807   25.469832   89.290456   27.392171   86.383732   28.546699 
  85.138181   29.934618   83.796909   31.637219   82.458236   33.281144   81.438309 
  35.003922   80.704585   36.711734   80.221271   38.315388   79.941729   39.791906 
  79.646290   41.225857   79.087187    9.563078   86.038455   11.489165   89.538572 
  13.863702   92.316248   14.814952   94.626864   15.096342   96.848055   15.178974 
  98.700232   15.298109  100.110532   15.508062  101.144959   15.809088  101.864008 
  16.191747  102.295182   16.643154  102.457495   17.149832  102.371808   17.697492 
 102.067133   18.271048  101.581135   18.855547  100.953142   19.437492  100.216076 
  20.002971   99.400561   20.540582   98.522054   21.041712   97.578318   21.502064 
  96.550512   21.931161   95.424178   22.356665   94.236475   22.813924   93.001472 
  23.321922   91.768704   23.878053   90.604239   24.507116   89.467635   25.328467 
  88.161778   26.358771   86.753863   27.318030   85.653053   28.575040   84.311280 
  30.282396   82.714644   31.899231   81.450508   33.597003   80.378962   35.282208 
  79.552734   36.888278   78.965177   38.373388   78.464152   39.686071   77.972214 
  40.862425   77.371657   41.967998   76.556642    9.731964   85.261970   11.580618 
  88.880286   13.783529   91.360053   15.018986   93.534687   15.547753   95.290087 
  15.828880   96.699471   16.078392   97.757835   16.356862   98.519297   16.680190 
  99.023070   17.051562   99.286126   17.465932   99.323914   17.914842   99.153055 
  18.387615   98.795939   18.873065   98.278681   19.360228   97.629611   19.841654 
  96.870435   20.314690   96.014616   20.782045   95.071287   21.253729   94.050576 
  21.744692   92.973334   22.271402   91.863983   22.846503   90.745348   23.480067 
  89.630883   24.173475   88.543325   24.938582   87.472915   25.804811   86.381175 
  26.811439   85.227402   28.019999   83.960165   29.332073   82.729345   30.728753 
  81.547952   32.339747   80.321710   33.983967   79.256075   35.586370   78.400226 
  37.104526   77.698570   38.502954   77.064689   39.805006   76.364095   41.018984 
  75.545786   42.149230   74.659491   43.179167   73.882089   10.024248   85.236201 
  11.803506   88.395493   13.791795   90.606506   15.209285   92.629295   15.929002 
  93.783141   16.370618   94.609567   16.726248   95.233873   17.061113   95.687669 
  17.402709   95.971139   17.763565   96.075746   18.147194   95.999265   18.552897 
  95.744659   18.976718   95.326587   19.415788   94.761473   19.869509   94.067262 
  20.340335   93.265808   20.834491   92.380608   21.361352   91.433896   21.929229 
  90.452843   22.550890   89.444188   23.230682   88.428627   23.969184   87.421899 
  24.778879   86.410309   25.674616   85.380364   26.662483   84.332536   27.744998 
  83.269816   28.934824   82.183342   30.245701   81.067566   31.646902   79.970410 
  33.093911   78.939013   34.587386   77.969781   36.048102   77.120709   37.422226 
  76.377758   38.705648   75.666120   39.924310   74.896223   41.138206   73.967484 
  42.396493   72.876981   43.700426   71.768793   44.821316   70.992327   10.513868 
  85.506233   12.206277   88.060656   13.994770   90.090921   15.489857   91.886925 
  16.320430   92.256125   16.862052   92.418555   17.288158   92.586280   17.666978 
  92.731736   18.031725   92.801301   18.400914   92.754247   18.784980   92.567943 
  19.190231   92.235270   19.620957   91.764212   20.081755   91.171196   20.579085 
  90.475900   21.118985   89.705301   21.709820   88.877704   22.356711   88.013268 
  23.068362   87.116477   23.854032   86.185645   24.716310   85.227281   25.655675 
  84.246753   26.652220   83.274671   27.734743   82.274309   28.891517   81.263981 
  30.115706   80.252833   31.392396   79.257820   32.719799   78.280703   34.074123 
  77.344489   35.422653   76.469628   36.746517   75.650394   38.018473   74.881362 
  39.241666   74.120480   40.445385   73.308809   41.668314   72.403522   42.949734 
  71.406004   44.293706   70.403073   45.658612   69.543396   46.997583   68.985049 
  12.584051   87.113642   13.318357   88.371641   14.460806   89.761487   15.753319 
  91.061844   16.665828   90.507555   17.268519   90.059877   17.752745   89.863334 
  18.185562   89.772221   18.599442   89.677877   19.015173   89.515977   19.448713 
  89.250965   19.911285   88.875535   20.412618   88.396899   20.960840   87.830784 
  21.565365   87.188675   22.233303   86.482766   22.970761   85.721183   23.781416 
  84.910315   24.677532   84.038788   25.654535   83.118928   26.707089   82.160904 
  27.809529   81.199067   28.959321   80.236126   30.152461   79.274562   31.380806 
  78.322831   32.633297   77.390597   33.893397   76.491361   35.153893   75.625663 
  36.400757   74.797978   37.623253   74.004615   38.822987   73.226928   40.002482 
  72.448003   41.181044   71.639906   42.385597   70.782248   43.638104   69.884204 
  44.941031   69.002542   46.276594   68.232570   47.601395   67.698550   48.874179 
  67.512720   15.463742   88.941866   15.610070   89.264335   15.780510   89.617541 
  16.082935   89.925530   16.975691   88.457002   17.618993   87.622683   18.174446 
  87.226363   18.690912   87.002382   19.194921   86.814573   19.707554   86.590206 
  20.248452   86.289714   20.830849   85.905682   21.466745   85.437806   22.164929 
  84.890573   22.931583   84.269269   23.772089   83.575673   24.692091   82.807857 
  25.687424   81.974910   26.755278   81.082195   27.883481   80.146951   29.056134 
  79.190023   30.247130   78.243120   31.451912   77.309827   32.663037   76.396146 
  33.875082   75.505256   35.080406   74.641683   36.269407   73.810501   37.440411 
  73.006952   38.593270   72.224702   39.730383   71.455425   40.861130   70.686187 
  41.997698   69.906839   43.154404   69.113934   44.345720   68.317089   45.579911 
  67.549034   46.849440   66.874533   48.135914   66.375697   49.400651   66.142926 
  50.573399   66.250616   15.955014   85.237215   16.330990   85.620752   16.666379 
  85.974965   17.015680   86.157880   17.551566   85.590910   18.148969   85.040701 
  18.751388   84.719306   19.357516   84.507995   19.977166   84.311887   20.624953 
  84.073214   21.318111   83.757264   22.068540   83.351924   22.885210   82.851866 
  23.772648   82.257521   24.726190   81.579952   25.744246   80.823990   26.823791 
  79.995714   27.953041   79.112141   29.123205   78.186698   30.320423   77.238769 
  31.525195   76.293363   32.721241   75.369937   33.905159   74.470945   35.074057 
  73.597699   36.225846   72.750420   37.357682   71.930382   38.470446   71.134341 
  39.565850   70.359142   40.648178   69.600661   41.724591   68.854061   42.803050 
  68.117890   43.894545   67.392553   45.008150   66.688590   46.151507   66.027597 
  47.328174   65.445667   48.531842   64.995103   49.746733   64.727888   50.932338 
  64.679864   52.012929   64.853531   16.261401   82.596394   16.774652   82.608897 
  17.224289   82.715306   17.656019   82.834904   18.167478   82.734471   18.770185 
  82.587452   19.441208   82.483689   20.167565   82.379222   20.947093   82.215878 
  21.782559   81.954803   22.680081   81.573910   23.637871   81.074619   24.653665 
  80.464495   25.723114   79.755880   26.835259   78.968013   27.983689   78.114047 
  29.160355   77.208843   30.352313   76.272892   31.549471   75.322869   32.742004 
  74.374068   33.916983   73.444140   35.067667   72.541899   36.193941   71.667460 
  37.296772   70.819750   38.376948   69.998359   39.434852   69.204542   40.475812 
  68.434228   41.503212   67.687671   42.521876   66.965552   43.538208   66.269171 
  44.558562   65.603497   45.590186   64.976395   46.639027   64.402920   47.709948 
  63.905326   48.805980   63.512326   49.929116   63.252417   51.078875   63.139840 
  52.243963   63.160562   53.386199   63.279458   16.821638   79.993893   17.334975 
  79.746501   17.852471   79.808656   18.378104   80.045616   18.944705   80.290274 
  19.595350   80.501249   20.356414   80.633470   21.232143   80.625193   22.206758 
  80.437322   23.256639   80.066846   24.366523   79.527865   25.515911   78.856135 
  26.691743   78.082729   27.882492   77.236037   29.084987   76.331915   30.292556 
  75.386844   31.498612   74.415889   32.691827   73.438704   33.861093   72.473758 
  35.005084   71.526704   36.118216   70.607528   37.200800   69.718266   38.253914 
  68.860252   39.281693   68.031435   40.286827   67.232316   41.271955   66.465028 
  42.242654   65.728237   43.202447   65.025192   44.155644   64.359495   45.106747 
  63.736014   46.059493   63.162867   47.018126   62.649215   47.984388   62.210601 
  48.960197   61.863867   49.947751   61.625081   50.952214   61.499449   51.980970 
  61.465860   53.033773   61.463498   54.086436   61.388732   16.323043   76.932931 
  17.058993   76.964631   17.903760   77.342433   18.749797   77.895022   19.582213 
  78.479791   20.460018   78.964546   21.452541   79.208880   22.568980   79.137191 
  23.774633   78.769072   25.025121   78.176735   26.305209   77.412930   27.587185 
  76.539869   28.854980   75.600765   30.098849   74.626627   31.321023   73.628597 
  32.523115   72.614907   33.699357   71.600317   34.843765   70.599086   35.950986 
  69.623689   37.023033   68.676419   38.059976   67.762181   39.066014   66.880314 
  40.040203   66.037931   40.989814   65.231481   41.921547   64.458362   42.834738 
  63.727631   43.737665   63.034725   44.631946   62.386414   45.520905   61.786681 
  46.407148   61.240875   47.291872   60.757064   48.175557   60.344674   49.057430 
  60.015547   49.937197   59.781960   50.817219   59.652926   51.707652   59.621797 
  52.629239   59.647453   53.605266   59.634573   54.642786   59.437035   15.188868 
  74.379429   16.704619   74.850918   18.108939   75.637260   19.360101   76.534815 
  20.496391   77.370333   21.640544   77.912866   22.880300   77.990141   24.208887 
  77.642755   25.589198   76.983983   26.977190   76.124691   28.354901   75.134675 
  29.692584   74.083186   30.982849   73.005428   32.214770   71.934688   33.406012 
  70.863303   34.556281   69.801481   35.666180   68.756886   36.733609   67.740082 
  37.759513   66.757399   38.748125   65.809940   39.702112   64.901944   40.626293 
  64.034531   41.525943   63.207979   42.403204   62.428007   43.265581   61.691014 
  44.116656   60.999698   44.959857   60.356038   45.797511   59.763543   46.631107 
  59.226086   47.461822   58.747070   48.287865   58.334450   49.107395   57.995342 
  49.916983   57.740090   50.713940   57.579748   51.497503   57.526599   52.277504 
  57.580340   53.083868   57.701753   53.968323   57.782177   54.998882   57.630581 
  15.353783   72.142333   17.230428   73.439983   18.892512   74.665130   20.387824 
  75.805237   21.755368   76.655296   23.107619   76.935107   24.526046   76.649796 
  26.005880   75.951366   27.500390   74.986206   28.959115   73.876776   30.359892 
  72.698553   31.687551   71.505699   32.943772   70.321695   34.119363   69.178485 
  35.242334   68.053496   36.313693   66.955382   37.335909   65.891317   38.315053 
  64.862017   39.253495   63.874653   40.157126   62.930810   41.030167   62.035048 
  41.879504   61.186480   42.710500   60.386601   43.528277   59.636114   44.336433 
  58.936756   45.139369   58.287281   45.939123   57.689318   46.736499   57.145084 
  47.531233   56.656575   48.321999   56.225966   49.104631   55.858773   49.874414 
  55.559482   50.624340   55.335369   51.345849   55.194897   52.026775   55.151980 
  52.654564   55.217919   53.227647   55.377465   53.767611   55.567842   54.306242 
  55.700323   17.316999   71.363865   18.697773   72.929282   20.265707   74.301590 
  21.829311   75.383220   23.298057   75.892756   24.734194   75.746106   26.265675 
  75.061372   27.837838   74.019346   29.376286   72.782907   30.834874   71.469344 
  32.200496   70.142599   33.468898   68.842741   34.650606   67.580770   35.750208 
  66.370929   36.780778   65.210300   37.760498   64.083049   38.690554   63.001892 
  39.578637   61.968196   40.432568   60.982853   41.258043   60.051667   42.062668 
  59.174680   42.853325   58.351790   43.636162   57.582653   44.415683   56.867764 
  45.196094   56.205675   45.980180   55.596286   46.769952   55.039396   47.566006 
  54.536560   48.368886   54.088741   49.178407   53.698419   49.992805   53.371591 
  50.810491   53.115049   51.628811   52.939771   52.444194   52.860541   53.251523 
  52.894857   54.048356   53.048155   54.849870   53.285162   55.707902   53.521493 
  56.720158   53.661433   19.691383   71.701874   20.635740   73.010996   22.020169 
  74.134995   23.548816   74.808787   24.942060   74.839910   26.407481   74.268877 
  28.010983   73.200780   29.607471   71.859971   31.122221   70.403479   32.519272 
  68.937990   33.801393   67.505797   34.980017   66.124038   36.067851   64.797984 
  37.073321   63.536336   38.009195   62.338070   38.892529   61.191126   39.730997 
  60.102327   40.534828   59.072841   41.314054   58.102752   42.077256   57.194022 
  42.832388   56.346084   43.586279   55.557109   44.343944   54.826521   45.109398 
  54.152234   45.885504   53.532409   46.673767   52.966404   47.474966   52.453849 
  48.288748   51.995895   49.114355   51.594386   49.950138   51.252699   50.793164 
  50.977150   51.639480   50.775771   52.483492   50.660391   53.318981   50.645504 
  54.141173   50.744303   54.952909   50.953914   55.773732   51.234629   56.641801 
  51.511210   57.612866   51.694464   21.809905   71.884094   22.709901   73.021939 
  23.909915   73.671984   25.331194   73.841939   26.535743   73.483173   28.083634 
  72.468864   29.696645   71.066437   31.236543   69.503066   32.673361   67.879778 
  33.969319   66.306774   35.146099   64.792965   36.212731   63.355173   37.192135 
  61.978998   38.092395   60.678012   38.928384   59.452367   39.716969   58.296375 
  40.471044   57.212823   41.203613   56.201070   41.926008   55.260012   42.647715 
  54.387376   43.376059   53.580110   44.116407   52.834694   44.872219   52.148402 
  45.645569   51.518293   46.437046   50.942928   47.246671   50.420987   48.073590 
  49.952188   48.916013   49.537503   49.771303   49.178859   50.635789   48.879270 
  51.504189   48.643864   52.369510   48.479053   53.222515   48.394790   54.052660 
  48.405081   54.851602   48.526057   55.622537   48.760962   56.391092   49.077345 
  57.202550   49.414935   58.118330   49.755593   24.067101   71.974207   24.803809 
  72.570781   26.194857   72.665609   26.788154   72.609615   28.173375   71.700960 
  29.734178   70.301393   31.303860   68.611791   32.686164   66.962792   34.008848 
  65.225086   35.178762   63.584161   36.226877   62.020254   37.170908   60.531835 
  38.026955   59.123242   38.812265   57.799944   39.545129   56.566610   40.244949 
  55.421344   40.928219   54.363422   41.609348   53.388288   42.299116   52.491005 
  43.005129   51.665713   43.732292   50.906649   44.483106   50.208842   45.258391 
  49.568607   46.058023   48.982717   46.880965   48.449664   47.725593   47.968340 
  48.589652   47.538380   49.470099   47.160140   50.362717   46.834564   51.261786 
  46.563021   52.159452   46.347389   53.045519   46.189120   53.905817   46.091900 
  54.721554   46.063493   55.467824   46.117739   56.120807   46.262337   56.679389 
  46.474636   57.168533   46.709493   57.614064   46.933125   27.140215   71.241210 
  27.308965   71.314418   27.609881   71.286938   28.754808   70.379670   29.920692 
  69.294158   31.333747   67.697807   32.730062   65.918036   33.982716   64.184363 
  35.126638   62.451842   36.142709   60.776783   37.040132   59.177830   37.837592 
  57.662815   38.556885   56.241965   39.222360   54.923821   39.858731   53.712328 
  40.487808   52.604887   41.126508   51.594481   41.786477   50.671948   42.474425 
  49.828162   43.193626   49.054897   43.945044   48.345208   44.728216   47.693687 
  45.541918   47.096713   46.384632   46.551622   47.254733   46.057347   48.150702 
  45.613287   49.071066   45.219325   50.014395   44.876013   50.979178   44.584249 
  51.963556   44.345844   52.965457   44.163484   53.982190   44.041383   55.008943 
  43.987768   56.035576   44.016533   57.042671   44.143480   58.004653   44.373062 
  58.908642   44.687306   59.762386   45.066730   60.566224   45.526321   27.503104 
  67.285943   28.301014   67.633952   29.089320   67.889340   30.180918   67.435372 
  31.447561   66.334023   32.752296   64.771839   33.976513   63.026975   35.059763 
  61.274612   36.004081   59.555924   36.825158   57.881760   37.538340   56.280750 
  38.169456   54.771863   38.749168   53.374593   39.310108   52.098233   39.879636 
  50.941531   40.476340   49.894902   41.110436   48.945596   41.786071   48.081272 
  42.503557   47.291238   43.261216   46.567029   44.056530   45.902282   44.886972 
  45.292394   45.750240   44.734638   46.644607   44.227665   47.568983   43.771165 
  48.522886   43.365675   49.506400   43.012120   50.520113   42.712239   51.564962 
  42.468617   52.642328   42.285105   53.753701   42.167378   54.900094   42.123845 
  56.080419   42.166953   57.288449   42.313061   58.509275   42.578827   59.719920 
  42.974971   60.891872   43.509344   61.973705   44.207374   62.825916   45.127696 
  28.291300   64.623711   29.471562   65.253341   30.605837   65.363106   31.806320 
  64.594657   32.967014   63.276289   34.040006   61.695527   34.992372   60.018951 
  35.818169   58.313866   36.522711   56.616121   37.120607   54.959370   37.637863 
  53.384870   38.114317   51.922902   38.591548   50.591506   39.101792   49.389480 
  39.662384   48.305387   40.279123   47.324778   40.951138   46.434076   41.674326 
  45.621596   42.443599   44.877759   43.254084   44.195179   44.101653   43.568671 
  44.983215   42.995026   45.896859   42.472845   46.841751   42.001957   47.818049 
  41.583469   48.826807   41.219068   49.869975   40.910931   50.949921   40.662337 
  52.069711   40.477715   53.232900   40.363187   54.443236   40.327260   55.704288 
  40.381413   57.017977   40.540751   58.382261   40.823612   59.787329   41.250130 
  61.212498   41.841790   62.615988   42.628094   63.901824   43.656748   64.854555 
  44.978597   30.755813   62.787308   31.315920   63.088997   32.156469   62.791166 
  33.187160   61.676807   34.099586   60.229701   34.870115   58.691216   35.534483 
  57.053916   36.091033   55.359288   36.545881   53.676997   36.931165   52.067120 
  37.298540   50.569408   37.698792   49.200891   38.163191   47.959258   38.702734 
  46.833745   39.315843   45.813035   39.995050   44.886030   40.731386   44.042080 
  41.516395   43.271241   42.343083   42.565061   43.206007   41.917061   44.101449 
  41.323137   45.027231   40.781454   45.982743   40.292065   46.968755   39.856272 
  47.987207   39.476306   49.040990   39.154930   50.133650   38.895470   51.269204 
  38.702384   52.452085   38.581521   53.687135   38.540846   54.979464   38.591022 
  56.334572   38.745601   57.757326   39.021151   59.249949   39.436925   60.808653 
  40.014870   62.417689   40.781564   64.035357   41.774405   65.559726   43.047282 
  66.751162   44.666443   33.172283   59.707409   33.371492   59.658048   33.622186 
  59.469698   34.007658   58.887790   34.561530   57.534284   35.068861   55.783780 
  35.453083   54.042873   35.748909   52.370149   36.008792   50.781680   36.292653 
  49.293617   36.646916   47.912909   37.093585   46.638936   37.634765   45.468490 
  38.260828   44.397489   38.958092   43.422040   39.713335   42.535658   40.515674 
  41.729458   41.356815   40.993840   42.230762   40.320309   43.133415   39.702754 
  44.062505   39.138052   45.017537   38.625860   45.999780   38.167898   47.012082 
  37.766950   48.058463   37.426296   49.143696   37.149267   50.272806   36.939732 
  51.450860   36.802703   52.682856   36.744816   53.973982   36.775316   55.329767 
  36.906465   56.756704   37.153289   58.261976   37.532750   59.852021   38.062793 
  61.529208   38.762339   63.286017   39.652723   65.095760   40.760654   66.904534 
  42.115148   68.653307   43.724829   32.963430   55.520948   33.271510   55.146354 
  33.589401   54.790489   33.907697   54.305524   34.207182   53.485680   34.455568 
  52.284075   34.654538   50.880309   34.856704   49.437072   35.117340   48.023939 
  35.472094   46.667670   35.935313   45.381862   36.503264   44.174594   37.160487 
  43.051404   37.887094   42.016473   38.666189   41.074768   39.485505   40.222972 
  40.336869   39.451855   41.214876   38.750231   42.115879   38.108384   43.037740 
  37.520155   43.980008   36.983541   44.944220   36.500128   45.933987   36.073679 
  46.954697   35.708579   48.012804   35.408733   49.114983   35.177364   50.267428 
  35.017967   51.475556   34.935146   52.743962   34.935605   54.076780   35.029293 
  55.478631   35.229913   56.955793   35.553980   58.516831   36.018320   60.171506 
  36.637417   61.927394   37.422036   63.784070   38.378019   65.727414   39.503840 
  67.740823   40.774321   69.888273   42.067824   31.681715   52.266606   31.966504 
  51.717197   32.287959   51.204033   32.628259   50.660261   32.943079   49.957949 
  33.214350   49.017292   33.477754   47.882387   33.792279   46.647770   34.199305 
  45.382682   34.715553   44.128760   35.337984   42.911716   36.049141   41.748022 
  36.823803   40.650583   37.637492   39.633821   38.475742   38.717255   39.332366 
  37.898955   40.205116   37.165556   41.092798   36.501246   41.994467   35.893569 
  42.909904   35.336044   43.840522   34.828327   44.790271   34.374757   45.765776 
  33.981814   46.775702   33.655525   47.829342   33.399837   48.935222   33.216849 
  50.100260   33.108315   51.329269   33.077294   52.625083   33.129582   53.989153 
  33.275150   55.423276   33.529485   56.932064   33.911690   58.524406   34.439330 
  60.212593   35.123056   62.008999   35.963637   63.919699   36.948014   65.937152 
  38.045503   68.046193   39.202754   70.276794   40.326411   29.800434   49.937130 
  29.986516   49.190736   30.382641   48.532366   30.863012   47.880640   31.341548 
  47.135226   31.802134   46.235698   32.277146   45.189527   32.810034   44.046005 
  33.429104   42.856791   34.142387   41.660138   34.938919   40.478311   35.792514 
  39.325208   36.669582   38.218930   37.541776   37.190929   38.402616   36.291038 
  39.258960   35.510830   40.117496   34.823968   40.981576   34.205067   41.852393 
  33.637339   42.731152   33.114258   43.621299   32.638293   44.529908   32.217896 
  45.467793   31.863320   46.447897   31.582273   47.482797   31.377772   48.582557 
  31.249154   49.753870   31.194875   50.999868   31.214934   52.320138   31.312793 
  53.711242   31.497286   55.169798   31.786375   56.696921   32.204364   58.300649 
  32.772517   59.995076   33.499811   61.797680   34.379436   63.723685   35.382811 
  65.777397   36.455684   67.948711   37.526979   70.230085   38.564379   27.098642 
  49.040731   27.693561   47.847942   28.428084   46.762806   29.180625   45.768169 
  29.903259   44.790301   30.604324   43.770214   31.318318   42.690367   32.080846 
  41.562935   32.914686   40.408643   33.824826   39.242465   34.793059   38.062815 
  35.779114   36.870427   36.732972   35.693957   37.619272   34.603551   38.449946 
  33.718389   39.257182   32.993439   40.058014   32.371443   40.858659   31.811987 
  41.661012   31.293844   42.467348   30.812037   43.283756   30.373810   44.121951 
  29.993687   44.998715   29.687036   45.932541   29.463275   46.939094   29.322843 
  48.028717   29.260129   49.206511   29.268498   50.472864   29.343328   51.822994 
  29.483700   53.245870   29.694437   54.729703   29.996377   56.269879   30.423541 
  57.872344   31.006491   59.551170   31.756207   61.327443   32.663359   63.226002 
  33.690659   65.267667   34.766580   67.464036   35.790240   69.828666   36.683997 
  24.825036   47.955924   25.998529   46.411715   27.034488   44.998779   27.982649 
  43.718265   28.880876   42.530754   29.767257   41.391550   30.678149   40.272177 
  31.642450   39.156750   32.677975   38.034370   33.784593   36.885386   34.927285 
  35.659495   36.034613   34.336249   37.027458   32.975032   37.865121   31.731528 
  38.596665   30.887503   39.296626   30.258736   39.988032   29.732082   40.676571 
  29.253000   41.364007   28.799921   42.054636   28.372558   42.759224   27.985055 
  43.496830   27.659819   44.292807   27.418871   45.171776   27.273031   46.150126 
  27.217594   47.234921   27.239385   48.427706   27.325730   49.726315   27.466757 
  51.122296   27.654534   52.593737   27.882603   54.115697   28.172923   55.675471 
  28.576468   57.276470   29.142820   58.929153   29.888216   60.653131   30.805857 
  62.477081   31.856352   64.427489   32.956340   66.505650   33.971268   68.644964 
  34.696487   23.447628   46.291914   24.961027   44.636549   26.142270   43.013885 
  27.184554   41.542495   28.193496   40.223602   29.222980   39.022633   30.305014 
  37.904805   31.459251   36.831515   32.697219   35.760531   34.009106   34.617308 
  35.322235   33.259238   36.508951   31.657095   37.482664   29.926545   38.222367 
  28.333260   38.782546   27.624715   39.304905   27.159806   39.818438   26.770029 
  40.328366   26.403521   40.839391   26.047024   41.361674   25.706972   41.914629 
  25.403584   42.528638   25.166543   43.240268   25.025030   44.077472   24.990305 
  45.048401   25.049121   46.148774   25.179260   47.374704   25.364587   48.725249 
  25.593267   50.194906   25.849191   51.746766   26.097251   53.334959   26.351307 
  54.936465   26.690238   56.555984   27.202142   58.195111   27.908837   59.864659 
  28.810251   61.593979   29.874203   63.422543   31.018715   65.370763   32.103124 
  67.414428   32.947562   22.905890   44.500822   24.491178   42.563405   25.617487 
  40.750680   26.657041   39.183822   27.737534   37.830293   28.898224   36.643181 
  30.151340   35.586660   31.496414   34.603254   32.933009   33.618850   34.435737 
  32.457768   35.843341   30.852127   36.998280   28.846695   37.880402   26.611385 
  38.640517   23.770681   38.872242   23.394145   39.090238   23.200458   39.313717 
  23.030560   39.550219   22.867437   39.810824   22.711789   40.114668   22.573182 
  40.493674   22.469472   40.994889   22.426684   41.667326   22.471154   42.527463 
  22.608661   43.550458   22.817999   44.707949   23.076385   45.993238   23.377245 
  47.417671   23.720365   48.999616   24.091099   50.679448   24.389756   52.378881 
  24.591625   54.060252   24.814233   55.745314   25.229135   57.416537   25.856299 
  59.062383   26.701808   60.701608   27.750742   62.390829   28.940341   64.192785 
  30.136768   66.136498   31.156077   23.289662   42.189376   24.340484   40.009828 
  25.223062   38.177949   26.228818   36.667989   27.406697   35.382673   28.739718 
  34.274827   30.200965   33.331618   31.741426   32.475774   33.325628   31.617254 
  34.919065   30.400215   36.214528   28.524216   37.090451   26.394755   37.657416 
  23.728346   37.799602   23.275983   35.958479   21.667748   35.271593   20.900637 
  35.065295   20.442888   35.133703   20.154373   35.419874   19.989610   35.906398 
  19.928651   36.590859   19.961584   37.479237   20.083987   38.561338   20.283823 
  39.798865   20.537087   41.135259   20.815404   42.538603   21.112302   44.014876 
  21.450663   45.601646   21.868710   47.402995   22.402012   49.305785   22.822604 
  51.198112   22.986181   53.019151   23.023469   54.854039   23.294389   56.646916 
  23.799129   58.350173   24.539311   59.945573   25.517431   61.481488   26.710752 
  63.075089   28.013876   64.849103   29.259041   23.227653   38.293342   23.803305 
  36.893602   24.593037   35.437450   25.722569   34.126908   27.128638   32.966837 
  28.745993   31.968982   30.520692   31.162757   32.286095   30.392378   33.830031 
  29.689863   35.279478   28.422915   36.250964   26.426500   36.791895   23.764310 
  36.905826   23.321814   34.395028   21.389671   32.519603   20.011973   31.232435 
  18.992903   30.558311   18.295002   30.376732   17.852247   30.628835   17.631414 
  31.257446   17.600032   32.204876   17.725573   33.439002   17.986044   34.901738 
  18.339487   36.517588   18.729280   38.194492   19.092652   39.885627   19.407311 
  41.578221   19.698559   43.271594   20.049201   45.342890   20.751013   47.539001 
  21.400537   49.707876   21.640328   51.768696   21.417629   53.872348   21.485383 
  55.910375   21.824569   57.810981   22.418278   59.501171   23.259822   60.942679 
  24.356688   62.213256   25.640283   63.466971   26.884564   21.316406   35.289843 
  22.305977   34.138131   23.559410   32.896007   25.100050   31.711157   26.896256 
  30.661820   28.935586   29.810341   31.255948   29.157653   33.526243   28.067241 
  34.484156   27.517973   35.351226   26.644590   36.033501   23.878406   36.143852 
  23.436265   32.995054   21.177564   30.505175   19.483886   28.384144   18.038246 
  26.808206   16.856633   25.835523   15.968999   25.482564   15.398539   25.757129 
  15.156895   26.562251   15.193223   27.749119   15.429920   29.263626   15.844190 
  31.004267   16.372578   32.906076   16.948130   34.858346   17.473378   36.851083 
  17.911628   38.927726   18.229937   40.735520   18.280624   42.987127   19.057131 
  45.416048   19.978577   47.837054   20.534977   50.359933   20.052640   52.828301 
  19.855638   55.206793   19.989991   57.455016   20.428035   59.475969   21.127222 
  61.140389   22.056992   62.393099   22.976312   63.336418   23.682255   19.111385 
  32.952223   20.708017   31.688732   22.492488   30.494790   24.461572   29.391465 
  26.659935   28.443659   29.079378   27.821313   31.860338   27.488260   34.867496 
  24.496950   35.165749   24.010728   35.330308   23.903454   35.453264   23.589355 
  31.702633   20.980442   28.682007   19.028043   26.084674   17.357747   23.887181 
  15.836366   22.069426   14.455964   20.817731   13.339545   20.312512   12.610887 
  20.717961   12.386875   21.865864   12.584735   23.419398   12.976867   25.334402 
  13.560492   27.276938   14.257230   29.329165   15.036542   31.326869   15.727162 
  33.385276   16.346092   36.030515   17.041067   38.653238   16.550441   41.004586 
  17.285027   43.404118   18.450050   45.918224   19.419703   49.058324   18.834640 
  51.810711   18.353568   54.525543   18.272048   57.211411   18.582169   59.764474 
  19.215995   62.007518   20.274912   63.832735   21.477201   65.126505   22.862127 
  17.047579   30.823116   19.130326   29.327074   21.441005   28.148082   23.747295 
  27.120206   26.391348   26.183753   29.160384   25.835815   31.944885   26.481255 
  34.580219   24.388023   31.813490   21.935790   29.985454   20.647821   29.083812 
  19.962876   26.746635   18.494220   23.784113   16.767916   21.491575   15.170173 
  19.290304   13.520797   17.089120   11.836128   15.416076   10.369472   14.671501 
   9.372812   15.402360    9.119593   17.041031    9.670134   18.976387   10.447263 
  22.207204   11.301249   24.356925   11.914746   26.549059   13.002969   28.123230 
  13.716337   29.724469   14.385410   33.833666   15.993986   37.553128   14.521706 
  40.250868   15.161991   42.457799   16.885069   45.058601   18.590458   48.109095 
  17.671778   50.779095   16.870431   53.787414   16.588519   56.960457   16.818275 
  60.198269   17.402639   63.195864   18.902668   65.603116   20.609233   67.106592 
  22.641258 
0
0
