% Malla de 41 x 41 puntos de la Habana
41 41
hab41ini.red
   0.370000    1.150000    0.400000    1.000000    0.440000    0.880000    0.464900    0.799300 
   0.530000    0.730000    0.647500    0.813900    0.690000    0.920000    0.750000 
   0.980000    0.950000    0.950000    1.020000    0.890000    1.000000    0.740000 
   1.110000    0.710000    1.165100    0.774300    1.180000    0.890000    1.210000 
   1.030000    1.258400    1.120700    1.290000    1.180000    1.378700    1.258300 
   1.460000    1.330000    1.530000    1.410000    1.670000    1.500000    1.760000 
   1.530000    1.800000    1.420000    1.760000    1.290000    1.680000    1.130000 
   1.620000    1.000000    1.570000    0.870000    1.570000    0.730000    1.650000 
   0.670000    1.730000    0.600000    1.800000    0.520000    1.900000    0.380000 
   1.960000    0.300000    2.003500    0.229300    2.040000    0.170000    2.150000 
   0.150000    2.150000    0.030000    2.350000    0.000000    2.449300    0.016600 
   2.590000    0.040000    2.650000    0.120000    2.630000    0.250000    2.570000 
   0.390000    2.538500    0.503500    2.520000    0.570000    2.466800    0.657300 
   2.380000    0.800000    2.320000    0.920000    2.250000    1.100000    2.270000 
   1.200000    2.380000    1.310000    2.500000    1.450000    2.543600    1.537100 
   2.603400    1.656800    2.562600    1.736300    2.520000    1.820000    2.510000 
   1.990000    2.585300    2.082100    2.590000    2.190000    2.500000    2.320000 
   2.460000    2.410000    2.670000    2.300000    2.750000    2.200000    2.860000 
   2.080000    2.945800    2.034800    3.050000    1.980000    3.147900    2.024500 
   3.270000    2.060000    3.460000    1.970000    3.560000    2.070000    3.550000 
   2.210000    3.530000    2.310000    3.600000    2.450000    3.550000    2.580000 
   3.410000    2.640000    3.360000    2.770000    3.391800    2.829000    3.430000 
   2.900000    3.530000    3.010000    3.750000    2.960000    3.820000    3.000000 
   3.786200    3.059100    3.752400    3.118200    3.707600    3.167800    3.670000 
   3.200000    3.570000    3.220000    3.512000    3.229700    3.450000    3.240000 
   3.372700    3.244100    3.314400    3.247200    3.260000    3.250000    3.170000 
   3.320000    3.170000    3.355800    3.170000    3.440000    3.118000    3.440000 
   3.049900    3.440000    3.000000    3.440000    2.950000    3.380000    2.950000 
   3.320000    2.940000    3.250000    2.866800    3.237800    2.820000    3.230000 
   2.750000    3.250000    2.733200    3.300300    2.680000    3.330000    2.611900 
   3.296000    2.560000    3.270000    2.500000    3.260000    2.440000    3.230000 
   2.350000    3.240000    2.270000    3.210000    2.211500    3.205100    2.150000 
   3.200000    2.081800    3.238900    2.020000    3.260000    1.950000    3.250000 
   1.867800    3.250000    1.805600    3.250000    1.740000    3.260000    1.680000 
   3.280000    1.610000    3.240000    1.565700    3.185900    1.520000    3.130000 
   1.499800    3.065500    1.481100    3.005500    1.470000    2.970000    1.480000 
   2.910000    1.462500    2.799900    1.480000    2.730000    1.504300    2.666800 
   1.530000    2.600000    1.558200    2.537900    1.580000    2.490000    1.567400 
   2.426800    1.560000    2.390000    1.543800    2.337400    1.520000    2.260000 
   1.488700    2.166000    1.467100    2.101400    1.445600    2.036700    1.430000 
   1.990000    1.408100    1.940800    1.379800    1.876900    1.350000    1.810000 
   1.260000    1.750000    1.216800    1.716800    1.182200    1.690200    1.130000 
   1.650000    1.067000    1.611200    1.000000    1.570000    0.946800    1.540100 
   0.885800    1.505800    0.824900    1.471500    0.764000    1.437300    0.693900 
   1.397900    0.645500    1.363600    0.590000    1.321200    0.530300    1.275500 
   0.477500    1.238300    0.420000    1.200000    0.439659    1.083369    0.486751 
   1.148544    0.538532    1.205078    0.593808    1.257790    0.649892    1.305306 
   0.705326    1.350146    0.765045    1.390717    0.826215    1.428327    0.887569 
   1.465838    0.949347    1.502643    1.011090    1.541148    1.074362    1.582804 
   1.138776    1.623444    1.198791    1.665665    1.253752    1.708568    1.307385 
   1.755571    1.377752    1.816562    1.413243    1.887068    1.444964    1.952851 
   1.472665    2.016049    1.491114    2.076254    1.510057    2.139613    1.529928 
   2.206467    1.553611    2.278697    1.578808    2.349229    1.600341    2.416130 
   1.608368    2.476557    1.606479    2.539109    1.578889    2.592961    1.553475 
   2.651567    1.532750    2.714333    1.515942    2.776821    1.508048    2.841847 
   1.521734    2.916657    1.530675    2.978311    1.546712    3.034192    1.564479 
   3.091717    1.591642    3.149904    1.637084    3.210428    0.472456    0.987930 
   0.511791    1.073497    0.558876    1.144361    0.611250    1.204985    0.666252 
   1.258050    0.721801    1.306766    0.779395    1.350783    0.839227    1.392060 
   0.900453    1.432987    0.963291    1.474043    1.027154    1.516959    1.091706 
   1.561565    1.158544    1.606686    1.224624    1.655225    1.288018    1.707465 
   1.348184    1.764028    1.411581    1.830457    1.448219    1.901884    1.481851 
   1.971558    1.510574    2.040084    1.531024    2.105583    1.550258    2.170779 
   1.569881    2.236839    1.592191    2.305181    1.615942    2.376131    1.634779 
   2.448980    1.639180    2.518514    1.629676    2.584322    1.604310    2.638927 
   1.583960    2.695828    1.569143    2.754610    1.559755    2.813460    1.559108 
   2.873134    1.572215    2.935951    1.587124    2.995509    1.606506    3.052430 
   1.628357    3.107397    1.657704    3.160668    1.697171    3.212566    0.509775 
   0.918882    0.545704    1.018851    0.589526    1.099357    0.639835    1.165014 
   0.693210    1.221088    0.747558    1.271733    0.803643    1.318398    0.862083 
   1.363013    0.922699    1.407485    0.985756    1.452646    1.050697    1.499562 
   1.117231    1.548154    1.186685    1.598730    1.256613    1.653571    1.324461 
   1.713052    1.388055    1.777282    1.447658    1.848637    1.484540    1.920889 
   1.518435    1.992436    1.547098    2.062987    1.568926    2.130920    1.589055 
   2.197759    1.609154    2.264778    1.630623    2.333849    1.651676    2.406327 
   1.666385    2.481159    1.667471    2.553244    1.656240    2.619599    1.636149 
   2.676158    1.621412    2.732004    1.612259    2.787953    1.608984    2.843649 
   1.613481    2.899491    1.627434    2.956352    1.645215    3.011946    1.667210 
   3.065538    1.692616    3.116466    1.723789    3.164304    1.761642    3.208731 
   0.559452    0.883274    0.588034    0.992155    0.629975    1.074395    0.678961 
   1.139335    0.730277    1.194806    0.782472    1.245627    0.836437    1.293947 
   0.893053    1.341389    0.952588    1.389286    1.015366    1.438378    1.081010 
   1.489336    1.149319    1.542353    1.220823    1.598317    1.293053    1.658803 
   1.362979    1.724015    1.427418    1.793681    1.483881    1.868061    1.521115 
   1.941206    1.554725    2.013568    1.583117    2.084920    1.605888    2.154237 
   1.626782    2.222613    1.647109    2.291291    1.667414    2.361930    1.685628 
   2.435441    1.696903    2.510306    1.696592    2.581974    1.687185    2.647500 
   1.673254    2.705338    1.664046    2.760660    1.660039    2.814812    1.661703 
   2.868172    1.670068    2.921122    1.685589    2.973995    1.705630    3.025818 
   1.730150    3.075812    1.758937    3.123277    1.793054    3.167817    1.831950 
   3.209551    0.620615    0.913274    0.641179    1.000398    0.682359    1.069731 
   0.729238    1.126679    0.776959    1.178070    0.825500    1.227715    0.876307 
   1.277104    0.930503    1.327085    0.988590    1.378314    1.050851    1.431215 
   1.116979    1.486204    1.186651    1.543644    1.259504    1.604483    1.332786 
   1.669655    1.403035    1.739063    1.466540    1.812065    1.520073    1.887759 
   1.557554    1.961464    1.590761    2.034181    1.618863    2.105899    1.642190 
   2.176178    1.663468    2.245902    1.683608    2.316142    1.702595    2.388034 
   1.718464    2.461817    1.727666    2.535657    1.727793    2.605801    1.721818 
   2.670115    1.713923    2.728235    1.709997    2.783084    1.710696    2.835968 
   1.716552    2.887517    1.728164    2.938125    1.745651    2.987984    1.767849 
   3.036648    1.794775    3.083599    1.826529    3.128370    1.863624    3.170724 
   1.905552    3.210872    0.681984    0.968739    0.707328    1.025127    0.748119 
   1.075250    0.790001    1.121119    0.831405    1.167678    0.874521    1.216352 
   0.921255    1.267108    0.972699    1.319797    1.029276    1.374404    1.091059 
   1.431027    1.157602    1.489905    1.228235    1.551438    1.301759    1.616376 
   1.375017    1.685084    1.444268    1.757183    1.505716    1.831765    1.556501 
   1.907575    1.593916    1.981328    1.626618    2.054054    1.654379    2.125934 
   1.677903    2.196898    1.699196    2.267673    1.718869    2.339044    1.736666 
   2.411603    1.750971    2.484995    1.759467    2.557312    1.761304    2.625663 
   1.759359    2.688653    1.757023    2.746378    1.758031    2.800577    1.763078 
   2.852348    1.772680    2.902348    1.787246    2.950976    1.806859    2.998423 
   1.831103    3.044577    1.860167    3.089259    1.894428    3.132385    1.934362 
   3.174096    1.978814    3.215212    0.762868    1.009217    0.793909    1.042638 
   0.826979    1.075907    0.857450    1.114885    0.889642    1.160080    0.926390 
   1.210021    0.969004    1.263381    1.018031    1.319322    1.073502    1.377431 
   1.135113    1.437623    1.202111    1.500060    1.273354    1.565092    1.346892 
   1.633158    1.419198    1.704168    1.486440    1.777527    1.545190    1.852331 
   1.593356    1.927402    1.630331    2.000706    1.662374    2.073135    1.689667 
   2.144985    1.713076    2.216376    1.734118    2.287853    1.753241    2.359877 
   1.770173    2.432556    1.783746    2.505127    1.792646    2.575774    1.796951 
   2.642353    1.799165    2.703972    1.801871    2.760874    1.807463    2.814188 
   1.816572    2.864781    1.829641    2.913229    1.846965    2.959896    1.868620 
   3.004967    1.894477    3.048442    1.924685    3.090233    1.959547    3.130241 
   1.999407    3.168272    2.042920    3.203936    0.929040    0.988234    0.913702 
   1.023444    0.911515    1.061140    0.924160    1.104887    0.946857    1.154649 
   0.978211    1.208853    1.017856    1.266179    1.065487    1.325802    1.120607 
   1.387339    1.182484    1.450741    1.249992    1.516172    1.321474    1.583869 
   1.394331    1.653921    1.464857    1.725956    1.529381    1.799329    1.585066 
   1.873295    1.630714    1.947041    1.666874    2.019472    1.698068    2.091346 
   1.724733    2.162988    1.747782    2.234565    1.768425    2.306417    1.787068 
   2.378689    1.803547    2.451096    1.817142    2.522628    1.827260    2.591636 
   1.834454    2.656540    1.840769    2.716766    1.848098    2.772581    1.857992 
   2.824757    1.870964    2.873958    1.887357    2.920641    1.907366    2.965070 
   1.931019    3.007325    1.958183    3.047286    1.988758    3.084650    2.022597 
   3.118951    2.059853    3.149517    2.102271    3.175553    1.033298    0.915743 
   1.004081    0.988424    0.983636    1.045183    0.984572    1.099170    1.000867 
   1.155770    1.029050    1.215130    1.067430    1.276559    1.114901    1.339576 
   1.170447    1.404020    1.232947    1.469973    1.300879    1.537568    1.372130 
   1.606890    1.443651    1.677737    1.511656    1.749542    1.572944    1.821836 
   1.625371    1.894163    1.668542    1.966182    1.703557    2.037442    1.733703 
   2.108569    1.759580    2.179861    1.782100    2.251436    1.802300    2.323413 
   1.820627    2.395653    1.837085    2.467561    1.851329    2.537989    1.863241 
   2.605472    1.873558    2.668819    1.883871    2.727656    1.895534    2.782234 
   1.909551    2.833117    1.926313    2.880823    1.946087    2.925716    1.969030 
   2.968013    1.995199    3.007784    2.024620    3.044978    2.057353    3.079480 
   2.093478    3.111317    2.132854    3.141023    2.174138    3.170601    1.073291 
   0.864245    1.055038    0.961395    1.037011    1.036353    1.035944    1.101867 
   1.050874    1.165754    1.078966    1.229998    1.118038    1.294883    1.166531 
   1.360504    1.223114    1.427025    1.286369    1.494614    1.354458    1.563346 
   1.424870    1.633089    1.494294    1.703434    1.559213    1.773901    1.616917 
   1.844233    1.666050    1.914412    1.706752    1.984483    1.740344    2.054415 
   1.769272    2.124702    1.794223    2.195557    1.816105    2.267002    1.835891 
   2.338952    1.854117    2.411005    1.870959    2.482326    1.886362    2.551691 
   1.900482    2.617792    1.914065    2.679711    1.928298    2.737203    1.944117 
   2.790507    1.962166    2.840081    1.982729    2.886366    2.006024    2.929715 
   2.032212    2.970390    2.061449    3.008599    2.093914    3.044543    2.129836 
   3.078546    2.169263    3.111229    2.211092    3.143641    2.249943    3.176857 
   1.107748    0.846847    1.092155    0.956513    1.078597    1.042441    1.080718 
   1.116609    1.098530    1.186114    1.129259    1.253821    1.170590    1.320905 
   1.220893    1.388015    1.278763    1.455560    1.342634    1.523722    1.410423 
   1.592434    1.479319    1.661350    1.545981    1.729998    1.607290    1.798108 
   1.661198    1.865821    1.707010    1.933544    1.745215    2.001595    1.777161 
   2.070166    1.804724    2.139608    1.828650    2.210024    1.849847    2.281309 
   1.869297    2.353184    1.887652    2.425013    1.905252    2.495767    1.922232 
   2.564172    1.938878    2.629049    1.955841    2.689673    1.973959    2.745902 
   1.993839    2.797989    2.015871    2.846370    2.040251    2.891496    2.067156 
   2.933789    2.096767    2.973657    2.129282    3.011521    2.164941    3.047908 
   2.203964    3.083553    2.246378    3.119523    2.291108    3.157146    2.331851 
   3.197401    1.138983    0.886646    1.122856    0.985986    1.115502    1.070465 
   1.124027    1.146322    1.147205    1.217530    1.181993    1.286265    1.226219 
   1.353860    1.278515    1.421177    1.337504    1.488573    1.401558    1.556120 
   1.468379    1.623539    1.535025    1.690359    1.598302    1.756208    1.655636 
   1.821191    1.705632    1.885895    1.748108    1.951061    1.783770    2.017177 
   1.813900    2.084487    1.839994    2.153190    1.862836    2.223255    1.883342 
   2.294441    1.902561    2.366291    1.921287    2.437959    1.939988    2.508240 
   1.958907    2.575819    1.978350    2.639616    1.998808    2.699053    2.020807 
   2.754081    2.044679    2.804997    2.070606    2.852258    2.098678    2.896359 
   2.128991    2.937789    2.161642    2.977030    2.196709    3.014575    2.234209 
   3.050956    2.273990    3.086725    2.315633    3.122364    2.358727    3.158068 
   2.403641    3.193772    1.163737    0.965488    1.153767    1.043309    1.154934 
   1.117704    1.171137    1.189409    1.200165    1.258648    1.238957    1.326028 
   1.285800    1.392511    1.339709    1.458748    1.399291    1.524754    1.462821 
   1.590378    1.527860    1.655166    1.591517    1.718690    1.650895    1.780846 
   1.704001    1.842206    1.749995    1.903750    1.789133    1.966495    1.822216 
   2.030923    1.850424    2.097209    1.874994    2.165383    1.896730    2.235276 
   1.916567    2.306514    1.935685    2.378481    1.955029    2.450127    1.975165 
   2.520077    1.996363    2.586965    2.018861    2.649793    2.042944    2.708111 
   2.068850    2.761970    2.096659    2.811740    2.126374    2.857942    2.157972 
   2.901135    2.191456    2.941884    2.226854    2.980744    2.264167    3.018279 
   2.303353    3.055073    2.344285    3.091743    2.386675    3.128994    2.430044 
   3.167935    2.472595    3.210838    1.196125    1.061165    1.193259    1.115608 
   1.202824    1.177410    1.225740    1.242006    1.259353    1.306846    1.301083 
   1.371219    1.349710    1.435291    1.404440    1.499165    1.463878    1.562508 
   1.525955    1.624797    1.588289    1.685593    1.648267    1.744778    1.703335 
   1.802623    1.752031    1.860169    1.794026    1.918781    1.829839    1.979462 
   1.860336    2.042605    1.886582    2.108229    1.909619    2.176180    1.930257 
   2.246162    1.949470    2.317683    1.968633    2.389984    1.988860    2.461803 
   2.010781    2.531587    2.034606    2.597889    2.060423    2.659794    2.088280 
   2.717000    2.118126    2.769664    2.149800    2.818263    2.183138    2.863412 
   2.218010    2.905758    2.254324    2.945938    2.292055    2.984586    2.331141 
   3.022327    2.371502    3.059814    2.412979    3.097765    2.455076    3.137036 
   2.496311    3.178695    2.533182    3.223528    1.241346    1.144402    1.245831 
   1.190095    1.262279    1.242994    1.289313    1.299937    1.325217    1.359220 
   1.368162    1.419421    1.417516    1.480070    1.472382    1.540581    1.530887 
   1.600002    1.590593    1.657579    1.649305    1.713146    1.704841    1.767091 
   1.755179    1.820293    1.799431    1.874362    1.837400    1.930482    1.869938 
   1.989674    1.897909    2.052101    1.922219    2.117518    1.943751    2.185629 
   1.963325    2.256037    1.981971    2.328138    2.001349    2.401045    2.022759 
   2.473261    2.046841    2.543002    2.073674    2.608785    2.103104    2.669754 
   2.134889    2.725762    2.168688    2.777126    2.204105    2.824466    2.240826 
   2.868517    2.278619    2.910030    2.317328    2.949730    2.356872    2.988318 
   2.397178    3.026511    2.438139    3.065072    2.479541    3.104890    2.520815 
   3.147128    2.560346    3.193297    2.594349    3.244321    1.295745    1.217582 
   1.310788    1.261053    1.332059    1.308041    1.360435    1.358788    1.396560 
   1.412852    1.439685    1.468707    1.489028    1.525105    1.543035    1.580845 
   1.599613    1.634880    1.656112    1.686492    1.710390    1.735923    1.760927 
   1.784211    1.806166    1.832944    1.845665    1.883956    1.879697    1.938425 
   1.909108    1.996924    1.934681    2.059298    1.957152    2.125085    1.977264 
   2.193861    1.995832    2.265089    2.013978    2.338115    2.033774    2.411936 
   2.056721    2.484763    2.083415    2.554577    2.113680    2.619805    2.147036 
   2.679703    2.182875    2.734296    2.220577    2.784161    2.259523    2.830073 
   2.299261    2.872905    2.339484    2.913514    2.380001    2.952693    2.420686 
   2.991220    2.461435    3.029844    2.502042    3.069356    2.542147    3.110714 
   2.580990    3.155299    2.617345    3.205496    2.650538    3.264556    1.375834 
   1.284519    1.386140    1.322378    1.406443    1.366815    1.434925    1.414865 
   1.471539    1.465433    1.514837    1.516789    1.563676    1.567814    1.615787 
   1.617178    1.669150    1.664157    1.721295    1.708582    1.770428    1.751352 
   1.815445    1.794204    1.855342    1.839349    1.890187    1.888513    1.920542 
   1.942501    1.947080    2.001232    1.970456    2.064317    1.991242    2.131112 
   2.010029    2.201029    2.027649    2.273476    2.045379    2.347849    2.065863 
   2.422952    2.090800    2.496596    2.120640    2.566484    2.154797    2.630957 
   2.192367    2.689476    2.232334    2.742335    2.273783    2.790381    2.315902 
   2.834586    2.358154    2.875968    2.400175    2.915450    2.441773    2.953897 
   2.482837    2.992049    2.523193    3.030554    2.562488    3.069947    2.600038 
   3.110757    2.634572    3.153653    2.664516    3.200015    2.692075    3.251667 
   1.452720    1.353495    1.463884    1.389053    1.485691    1.429732    1.515066 
   1.472644    1.551706    1.517001    1.594053    1.561300    1.640766    1.604520 
   1.689330    1.645460    1.738070    1.683940    1.784794    1.720515    1.828130 
   1.756926    1.867253    1.795697    1.901896    1.838994    1.932494    1.887986 
   1.959565    1.942753    1.983617    2.002796    2.005060    2.067372    2.024342 
   2.135795    2.041938    2.207415    2.058706    2.281625    2.076128    2.357786 
   2.097657    2.434509    2.125166    2.509060    2.158746    2.578791    2.197270 
   2.642115    2.239281    2.698770    2.283323    2.749421    2.328209    2.795219 
   2.373012    2.837354    2.417135    2.876955    2.460308    2.915063    2.502347 
   2.952477    2.543228    2.989828    2.582841    3.027524    2.620830    3.065671 
   2.656433    3.103983    2.687973    3.141831    2.712654    3.178978    2.730064 
   3.216065    1.537439    1.432646    1.552573    1.460668    1.574410    1.492319 
   1.602617    1.526219    1.636903    1.561197    1.676078    1.595887    1.718421 
   1.629101    1.761732    1.660142    1.804411    1.689446    1.844787    1.718735 
   1.881681    1.750777    1.915036    1.788112    1.945099    1.832015    1.972162 
   1.882666    1.996527    1.939526    2.018504    2.001820    2.038342    2.068706 
   2.056336    2.139417    2.072873    2.213320    2.088888    2.289842    2.106159 
   2.368246    2.129216    2.446845    2.160027    2.522249    2.198058    2.591427 
   2.241380    2.652954    2.287914    2.707067    2.335831    2.754945    2.383713 
   2.798017    2.430586    2.837700    2.475977    2.875313    2.519749    2.911926 
   2.561870    2.948219    2.602481    2.984742    2.641732    3.021714    2.679682 
   3.058955    2.716143    3.095787    2.750056    3.131142    2.778054    3.164500 
   2.798170    3.196451    1.655418    1.507575    1.661461    1.523630    1.676561 
   1.543488    1.698467    1.565558    1.726367    1.588712    1.758813    1.611673 
   1.794182    1.633584    1.830479    1.654511    1.865753    1.676095    1.898798 
   1.701361    1.929462    1.733016    1.958010    1.772262    1.984520    1.819142 
   2.008943    1.873056    2.031258    1.933171    2.051603    1.998608    2.070164 
   2.068547    2.087093    2.142239    2.102721    2.219126    2.118122    2.298580 
   2.135497    2.379720    2.160816    2.460414    2.195822    2.536287    2.238967 
   2.604072    2.287387    2.662918    2.338355    2.713698    2.389695    2.758129 
   2.439974    2.798023    2.488318    2.835067    2.534410    2.870660    2.578282 
   2.905765    2.620234    2.941157    2.660614    2.977277    2.699903    3.014262 
   2.738747    3.051927    2.777910    3.089774    2.817518    3.127270    2.852346 
   3.164691    2.869820    3.201081    1.768889    1.540439    1.778402    1.550444 
   1.789292    1.560716    1.802522    1.571489    1.819186    1.582759    1.839949 
   1.594350    1.864232    1.606500    1.890428    1.620972    1.917057    1.640985 
   1.943649    1.668829    1.969998    1.705127    1.995660    1.749576    2.020059 
   1.801445    2.042814    1.859917    2.063712    1.924225    2.082887    1.993610 
   2.100472    2.067297    2.116540    2.144671    2.131392    2.225210    2.146359 
   2.308271    2.164233    2.392591    2.192801    2.475334    2.232993    2.550825 
   2.281820    2.616082    2.335401    2.671176    2.390497    2.717798    2.444650 
   2.758193    2.496604    2.794609    2.545740    2.828919    2.591962    2.862566 
   2.635580    2.896474    2.677059    2.931352    2.716978    2.967570    2.756082 
   3.005230    2.795425    3.044253    2.836500    3.084602    2.880991    3.127255 
   2.925689    3.176729    2.947607    3.227182    1.813348    1.420751    1.826598 
   1.426546    1.840355    1.437845    1.854645    1.455190    1.869399    1.477588 
   1.885232    1.502543    1.903575    1.528052    1.925339    1.554954    1.949936 
   1.586364    1.976038    1.624466    2.002343    1.669744    2.027853    1.721810 
   2.051835    1.780076    2.073924    1.844042    2.093997    1.913209    2.112343 
   1.987130    2.129212    2.065157    2.144579    2.146861    2.158780    2.231802 
   2.173555    2.319217    2.192584    2.407195    2.225689    2.491489    2.272066 
   2.565274    2.326928    2.626593    2.385376    2.676709    2.443905    2.718313 
   2.500131    2.754287    2.553031    2.787143    2.602320    2.818867    2.648205 
   2.850887    2.691216    2.884059    2.731959    2.919001    2.771166    2.955987 
   2.809718    2.995149    2.848810    3.036644    2.889927    3.081273    2.933580 
   3.132334    2.971340    3.196345    2.983056    3.268818    1.775156    1.278015 
   1.798294    1.286565    1.824179    1.306104    1.850454    1.333858    1.875802 
   1.367858    1.899951    1.405761    1.923723    1.445504    1.948444    1.486694 
   1.974795    1.530739    2.002322    1.579266    2.029879    1.633159    2.056291 
   1.692499    2.080699    1.757058    2.102720    1.826583    2.122372    1.900840 
   2.140100    1.979581    2.156392    2.062347    2.171154    2.148922    2.184785 
   2.239007    2.199710    2.331618    2.220957    2.423704    2.260005    2.508206 
   2.313302    2.578479    2.374106    2.634265    2.436879    2.678365    2.498063 
   2.714391    2.555533    2.745772    2.608639    2.775213    2.657561    2.804775 
   2.702764    2.835700    2.744906    2.868820    2.784712    2.904573    2.822985 
   2.943209    2.860634    2.984981    2.898732    3.030467    2.938213    3.081475 
   2.977591    3.142580    3.006110    3.219704    3.006459    3.310283    1.718180 
   1.146099    1.757564    1.165922    1.796920    1.193439    1.834780    1.228558 
   1.870277    1.270442    1.903184    1.317623    1.934054    1.368354    1.963993 
   1.421430    1.994014    1.476684    2.024291    1.534808    2.053974    1.596684 
   2.081952    1.662819    2.107324    1.733345    2.129657    1.808258    2.149104 
   1.887547    2.166312    1.971154    2.182072    2.058819    2.196217    2.150607 
   2.209309    2.246512    2.224840    2.345249    2.249919    2.441870    2.296328 
   2.524452    2.356795    2.589084    2.423154    2.637861    2.489303    2.675052 
   2.552090    2.705150    2.609887    2.732060    2.662674    2.758587    2.710857 
   2.786592    2.755134    2.817178    2.796216    2.850984    2.834904    2.888326 
   2.871976    2.929459    2.908251    2.974786    2.944514    3.025262    2.980901 
   3.083230    3.014498    3.153529    3.034623    3.241901    3.028247    3.345342 
   1.675770    1.025719    1.727765    1.057234    1.776553    1.093588    1.822273 
   1.135674    1.864828    1.184076    1.904217    1.238484    1.940863    1.297807 
   1.975678    1.360547    2.009701    1.425509    2.043305    1.492190    2.075672 
   1.561365    2.105656    1.633736    2.132305    1.709748    2.155171    1.789691 
   2.174504    1.873751    2.191192    1.962051    2.206385    2.054440    2.219776 
   2.151325    2.232209    2.253253    2.248797    2.358755    2.279933    2.460591 
   2.334495    2.538347    2.401808    2.595335    2.472991    2.635962    2.541520 
   2.665771    2.604825    2.690036    2.662355    2.713036    2.714440    2.737357 
   2.761745    2.764599    2.804970    2.795563    2.844869    2.830683    2.882235 
   2.870229    2.917801    2.914433    2.952258    2.963749    2.986017    3.019179 
   3.018511    3.082966    3.046069    3.159410    3.059854    3.253444    3.056416 
   3.357071    1.650188    0.912389    1.713952    0.956659    1.769211    1.002500 
   1.819244    1.051983    1.865379    1.106752    1.908196    1.167486    1.948249 
   1.233901    1.986401    1.304723    2.023699    1.378103    2.060594    1.452376 
   2.095857    1.528088    2.128088    1.606077    2.156201    1.686998    2.179688 
   1.771438    2.198892    1.859782    2.214979    1.952289    2.229525    2.048809 
   2.241959    2.150149    2.253372    2.257423    2.271135    2.369875    2.310688 
   2.477680    2.374144    2.548229    2.447747    2.595971    2.522378    2.627555 
   2.592109    2.649988    2.655385    2.669113    2.712363    2.689005    2.763606 
   2.711949    2.809956    2.739035    2.852106    2.770926    2.890731    2.807866 
   2.926620    2.850024    2.960475    2.897565    2.992886    2.950798    3.023974 
   3.010407    3.052614    3.077865    3.074804    3.156434    3.084355    3.250819 
   3.086509    3.355715    1.657724    0.808026    1.723412    0.865732    1.778973 
   0.919944    1.828808    0.976283    1.874803    1.037143    1.917859    1.103735 
   1.958669    1.176405    1.998138    1.254255    2.037489    1.335154    2.077245 
   1.416193    2.115364    1.497690    2.149900    1.580595    2.179534    1.665770 
   2.203631    1.754037    2.222607    1.846045    2.237974    1.942079    2.251794 
   2.041826    2.263064    2.146297    2.272894    2.257247    2.290768    2.375095 
   2.339500    2.489589    2.413774    2.552232    2.493015    2.589750    2.569784 
   2.612168    2.639860    2.627866    2.702930    2.642796    2.759431    2.660477 
   2.810020    2.682696    2.855552    2.710168    2.896637    2.743349    2.933936 
   2.782438    2.968248    2.827443    3.000331    2.878419    3.030785    2.935351 
   3.059617    2.998249    3.085318    3.067299    3.103353    3.144129    3.108699 
   3.233601    3.110144    3.339256    1.705692    0.729316    1.758167    0.786889 
   1.806455    0.845667    1.851437    0.907661    1.893852    0.974249    1.934265 
   1.046462    1.973306    1.124909    2.012012    1.209178    2.051960    1.297009 
   2.094024    1.384162    2.134833    1.470749    2.171650    1.557886    2.202776 
   1.646633    2.227397    1.738061    2.245997    1.833058    2.260504    1.931915 
   2.273600    2.033884    2.283576    2.139919    2.291208    2.252680    2.307386 
   2.374059    2.362866    2.494560    2.451396    2.549347    2.535636    2.576335 
   2.613764    2.590214    2.684194    2.600288    2.747256    2.611945    2.803576 
   2.628038    2.853829    2.649928    2.898709    2.678116    2.938799    2.712853 
   2.974759    2.754275    3.007447    2.802313    3.037775    2.856836    3.066556 
   2.917456    3.093983    2.983366    3.118495    3.053231    3.134668    3.126584 
   3.136060    3.206114    3.129164    3.301470    1.768737    0.653494    1.808142 
   0.712693    1.847002    0.776555    1.884849    0.844521    1.921537    0.917011 
   1.957204    0.994883    1.992413    1.078952    2.028438    1.169338    2.067545 
   1.263835    2.111452    1.356669    2.154811    1.447740    2.193822    1.538447 
   2.226350    1.630102    2.251347    1.724071    2.269365    1.821471    2.282850 
   1.922616    2.295341    2.026149    2.304059    2.132688    2.309001    2.245718 
   2.321869    2.369058    2.379815    2.494037    2.484326    2.539890    2.573460 
   2.556676    2.653560    2.563015    2.724876    2.568466    2.788504    2.577396 
   2.845123    2.592252    2.895394    2.614015    2.939852    2.643037    2.979025 
   2.679437    3.013611    2.723300    3.044564    2.774502    3.073073    2.832786 
   3.100396    2.897474    3.127302    2.967092    3.152715    3.039106    3.170494 
   3.111924    3.171915    3.185462    3.153544    3.268721    1.834981    0.571465 
   1.865185    0.638547    1.895583    0.710583    1.926055    0.785853    1.956148 
   0.864816    1.985826    0.948552    2.015691    1.038254    2.047381    1.134695 
   2.084356    1.235821    2.129847    1.334015    2.175706    1.429007    2.216831 
   1.522646    2.250618    1.616574    2.275770    1.712528    2.292926    1.811889 
   2.305182    1.915019    2.317275    2.019824    2.324913    2.126247    2.326815 
   2.238457    2.335245    2.362499    2.392142    2.490552    2.511369    2.525790 
   2.606340    2.532735    2.689209    2.532309    2.762159    2.533394    2.827093 
   2.539804    2.884589    2.553499    2.935265    2.575182    2.979540    2.605061 
   3.017900    2.643133    3.051025    2.689437    3.080004    2.743837    3.106379 
   2.806031    3.132068    2.875130    3.158766    2.948990    3.186435    3.023533 
   3.208751    3.095902    3.219858    3.162334    3.226326    3.216412    1.906355 
   0.479413    1.925974    0.565400    1.949008    0.648481    1.972656    0.731968 
   1.996033    0.817746    2.019075    0.907454    2.042530    1.002782    2.068481 
   1.105329    2.102274    1.213223    2.149420    1.316493    2.197889    1.414846 
   2.241038    1.510737    2.275907    1.606365    2.300902    1.703829    2.316798 
   1.804867    2.327550    1.909946    2.339534    2.016195    2.346370    2.122437 
   2.344964    2.233108    2.348332    2.356460    2.401692    2.485682    2.533499 
   2.509077    2.634704    2.506297    2.721242    2.499204    2.796825    2.495840 
   2.863694    2.499628    2.922607    2.512091    2.974127    2.533658    3.018535 
   2.564374    3.056204    2.604070    3.087750    2.652727    3.114391    2.710246 
   3.138061    2.776415    3.161542    2.850268    3.187877    2.929069    3.218780 
   3.006755    3.247520    3.079637    3.270105    3.143726    3.290205    3.196913 
   1.972025    0.405431    1.987960    0.501115    2.005595    0.592961    2.023118 
   0.684018    2.039874    0.776370    2.055932    0.871915    2.072207    0.972759 
   2.091160    1.081498    2.121046    1.196334    2.170339    1.304339    2.221644 
   1.405323    2.266750    1.502800    2.302460    1.599575    2.326885    1.698197 
   2.340980    1.800812    2.349867    1.908083    2.362102    2.016569    2.368424 
   2.123572    2.363501    2.232574    2.361731    2.352985    2.409601    2.480153 
   2.552456    2.490970    2.660101    2.478400    2.751001    2.464298    2.829842 
   2.456126    2.899046    2.457077    2.959897    2.468226    3.012761    2.489645 
   3.057699    2.521164    3.094856    2.562454    3.124745    2.613377    3.148610 
   2.673862    3.168758    2.743938    3.188999    2.822860    3.214250    2.907631 
   3.249009    2.989865    3.285329    3.065657    3.319333    3.132173    3.350415 
   3.190064    2.031459    0.340845    2.049595    0.444608    2.064121    0.544362 
   2.076318    0.642538    2.086605    0.741160    2.095435    0.842316    2.103908 
   0.948514    2.114656    1.063561    2.140444    1.185623    2.192838    1.297714 
   2.247290    1.400379    2.294207    1.498679    2.330453    1.596097    2.353750 
   1.695614    2.365332    1.799885    2.371918    1.909798    2.384789    2.021534 
   2.390715    2.130966    2.382047    2.239627    2.376104    2.354528    2.416626 
   2.474312    2.569979    2.471990    2.684340    2.449323    2.779824    2.427589 
   2.861938    2.414200    2.933972    2.412186    2.997254    2.422048    3.052070 
   2.443409    3.098051    2.475837    3.135007    2.518813    3.163230    2.571950 
   3.183869    2.635151    3.199460    2.708835    3.214920    2.792869    3.237557 
   2.884575    3.276213    2.972852    3.320676    3.053165    3.366130    3.123136 
   3.409751    3.184194    2.091890    0.285957    2.113015    0.396389    2.124732 
   0.503336    2.131716    0.608120    2.135433    0.712590    2.136700    0.819019 
   2.136775    0.930339    2.138050    1.051645    2.160258    1.181254    2.217125 
   1.296317    2.275059    1.399540    2.323565    1.497933    2.359995    1.595606 
   2.381447    1.695910    2.389593    1.802013    2.393439    1.915111    2.407353 
   2.030817    2.412538    2.144242    2.399590    2.258379    2.393247    2.367361 
   2.423446    2.468243    2.588147    2.452050    2.709515    2.418627    2.809302 
   2.388450    2.894267    2.369590    2.969065    2.364727    3.035339    2.373606 
   3.092899    2.395177    3.140623    2.428849    3.177828    2.473858    3.204549 
   2.529374    3.221644    2.595080    3.231556    2.671834    3.240283    2.760562 
   3.257900    2.859758    3.299877    2.955455    3.352702    3.040976    3.409706 
   3.113165    3.465038    3.173373    2.175320    0.244848    2.183208    0.358169 
   2.188481    0.470908    2.189196    0.581434    2.185797    0.691042    2.178929 
   0.802214    2.169949    0.918262    2.160451    1.045465    2.180309    1.182530 
   2.243316    1.299182    2.305059    1.401889    2.354896    1.499896    2.391161 
   1.597611    2.409834    1.698678    2.413428    1.806922    2.414251    1.923624 
   2.429810    2.042207    2.433692    2.156532    2.415966    2.279580    2.429619 
   2.437734    2.435592    2.461127    2.612919    2.429104    2.739322    2.384392 
   2.840605    2.345459    2.927031    2.321346    3.004532    2.314366    3.074633 
   2.322923    3.136087    2.345107    3.186429    2.380600    3.224443    2.428445 
   3.250008    2.487018    3.263533    2.555261    3.266706    2.634460    3.266525 
   2.727073    3.276074    2.833864    3.320221    2.938128    3.381545    3.029449 
   3.451763    3.104050    3.521754    3.163000    2.233953    0.187845    2.253089 
   0.323254    2.254425    0.446273    2.248439    0.562703    2.237244    0.676633 
   2.221393    0.791842    2.202613    0.912209    2.181234    1.044448    2.200372 
   1.187615    2.271263    1.304603    2.337220    1.406178    2.388177    1.503814 
   2.424063    1.601560    2.438711    1.703317    2.436459    1.814259    2.434442 
   1.935280    2.452953    2.053532    2.456166    2.160808    2.432470    2.275644 
   2.438934    2.432220    2.558164    2.418545    2.663462    2.393329    2.777219 
   2.342055    2.873276    2.296191    2.959223    2.268474    3.039925    2.260895 
   3.115388    2.270102    3.182534    2.293088    3.236523    2.331145    3.275756 
   2.383286    3.300573    2.446480    3.311001    2.517930    3.306505    2.599043 
   3.295024    2.694590    3.293337    2.809222    3.337893    2.921353    3.406201 
   3.017241    3.490036    3.093514    3.580184    3.147672    2.337759    0.165365 
   2.333149    0.307297    2.323788    0.434665    2.309510    0.553475    2.289579 
   0.669391    2.263426    0.787456    2.233977    0.911844    2.200113    1.048254 
   2.219952    1.193905    2.300496    1.310542    2.371431    1.411328    2.423486 
   1.509334    2.459105    1.607104    2.467889    1.708832    2.458215    1.823224 
   2.454369    1.951671    2.478408    2.067973    2.481744    2.166780    2.450234 
   2.270420    2.443795    2.426542    2.606592    2.386735    2.713415    2.345573 
   2.812659    2.289117    2.901994    2.239649    2.988579    2.210582    3.074205 
   2.204514    3.157699    2.215420    3.233560    2.238222    3.292338    2.279645 
   3.332430    2.338579    3.356515    2.409310    3.365261    2.485852    3.352317 
   2.568520    3.326335    2.665629    3.310409    2.789609    3.353803    2.905241 
   3.424629    3.001460    3.517309    3.076703    3.620333    3.116898    2.436068 
   0.172497    2.416311    0.312638    2.395482    0.438226    2.372736    0.553792 
   2.343189    0.667972    2.304493    0.787774    2.263330    0.916262    2.217164 
   1.057026    2.238253    1.198907    2.330156    1.315111    2.407855    1.417177 
   2.461169    1.516891    2.497593    1.614694    2.497641    1.713562    2.478528 
   1.829853    2.474475    1.971383    2.507846    2.084116    2.511873    2.176563 
   2.469114    2.270494    2.448662    2.421174    2.636948    2.357440    2.745746 
   2.296434    2.837292    2.228434    2.923955    2.176934    3.013747    2.147307 
   3.106078    2.145773    3.201448    2.159663    3.291695    2.177382    3.356858 
   2.223468    3.395180    2.293634    3.416795    2.376378    3.427552    2.462327 
   3.405714    2.547250    3.359795    2.642460    3.326947    2.777773    3.368664 
   2.888826    3.435824    2.980068    3.531531    3.055097    3.653123    3.075586 
   2.538593    0.199252    2.498567    0.338432    2.467694    0.458356    2.439944 
   0.561365    2.400040    0.668015    2.344128    0.790968    2.290663    0.922588 
   2.233011    1.071982    2.254707    1.201095    2.358673    1.316672    2.448012 
   1.426125    2.501773    1.527539    2.543079    1.627695    2.529443    1.718343 
   2.498447    1.827596    2.494182    1.987105    2.542922    2.093972    2.547644 
   2.187449    2.488363    2.278855    2.453770    2.415826    2.659196    2.327678 
   2.761561    2.246190    2.849698    2.161035    2.938855    2.108656    3.033885 
   2.075250    3.132348    2.085385    3.244192    2.105295    3.362325    2.100191 
   3.438230    2.156954    3.465911    2.247854    3.477594    2.346025    3.500683 
   2.450392    3.469085    2.545011    3.391150    2.632058    3.342915    2.772837 
   3.382191    2.867895    3.438063    2.948959    3.532449    3.031205    3.683384 
   3.024946 
0
0
