% Malla de 21 x 21 puntos de Michoacán
21 21
mic21ini.red
   9.700000   -1.600000    9.000000   -2.700000   10.000000   -4.800000   11.096100   -5.269800 
  12.800000   -6.000000   12.500000   -7.400000   12.700000   -9.300000   13.200000 
 -10.900000   14.500000  -11.000000   14.200000  -13.100000   13.500000  -14.100000 
  12.300000  -13.700000   10.700000  -15.000000    8.900000  -16.900000    7.759700 
 -17.388700    6.900000  -17.900000    5.500000  -16.700001    3.700000  -17.600000 
   2.100000  -18.500000    1.272700  -19.799999    0.200000  -20.799999    0.500000 
 -21.500000    0.700000  -22.799999    2.100000  -23.600000    2.500000  -25.000000 
   3.100000  -25.700001    4.000000  -26.400000    4.800000  -27.000000    6.100000 
 -26.900000    7.307000  -27.468000    8.400000  -27.799999    9.300000  -27.700001 
  10.600000  -28.700001   11.500000  -29.200001   13.100000  -29.700001   13.700000 
 -30.100000   15.008500  -30.100000   15.800000  -30.700001   17.000000  -30.600000 
  18.100000  -31.000000   18.799999  -31.600000   19.400000  -28.799999   22.500000 
 -27.299999   22.700001  -24.100000   22.600000  -21.600000   20.000000  -19.299999 
  22.900000  -20.600000   25.600000  -22.100000   27.000000  -22.100000   28.600000 
 -24.000000   31.299999  -23.600000   34.000000  -24.900000   36.200001  -24.500000 
  37.599998  -24.500000   37.200001  -21.400000   40.000000  -20.799999   41.000000 
 -18.600000   41.799999  -16.900000   43.700001  -13.000000   44.500000   -8.000000 
  45.500000   -6.500000   45.099998   -4.100000   44.099998   -1.200000   41.931400 
  -0.537400   41.099998   -1.100000   41.000000   -3.400000   39.500000   -5.100000 
  37.500000   -6.100000   35.400002   -5.200000   34.099998   -3.600000   30.000000 
  -4.300000   29.299999   -2.100000   28.500000   -0.700000   26.299999   -2.200000 
  22.900000   -1.000000   21.000000    0.600000   18.789700    0.174900   15.500000 
  -0.900000   13.712200   -1.306300   12.000000   -2.300000   11.758912   -3.160881 
  14.041974   -2.293370   16.252082   -1.628859   18.651439   -0.932482   20.843716 
  -0.863396   23.017143   -1.944881   25.831741   -2.950245   27.573340   -2.765401 
  28.570068   -3.531192   29.823372   -4.962059   32.801324   -4.846705   34.775211 
  -6.007507   37.096924   -6.953357   39.354901   -6.466674   41.277521   -5.415013 
  42.074425   -4.971648   42.763218   -4.864182   43.486633   -5.464950   43.964280 
  -6.998648   12.109875   -3.955354   14.367717   -3.149202   16.547995   -2.531269 
  18.675167   -2.045922   20.735219   -2.063681   22.801216   -2.816657   24.983237 
  -3.690046   26.788985   -4.034094   28.210231   -4.786079   29.876405   -5.856546 
  32.305242   -5.982532   34.329477   -6.946591   36.422472   -7.852937   38.429546 
  -7.986561   40.000486   -7.899935   41.082762   -8.049690   41.933357   -8.474225 
  42.607238   -9.424557   43.142997  -11.031690   13.002360   -4.630458   14.877768 
  -4.009115   16.795789   -3.520923   18.704685   -3.179920   20.596555   -3.218282 
  22.490678   -3.760164   24.419223   -4.498485   26.280961   -5.059900   27.985755 
  -5.848716   29.852800   -6.756163   31.974276   -7.100713   33.835361   -7.951509 
  35.660212   -8.830882   37.390611   -9.375895   38.802191   -9.828939   39.889987 
 -10.431036   40.737835  -11.279638   41.361481  -12.521082   41.750866  -14.287992 
  13.989686   -5.525120   15.406519   -5.037545   17.014131   -4.630108   18.714897 
  -4.359896   20.454554   -4.386087   22.224064   -4.788378   24.043272   -5.408329 
  25.888645   -6.018443   27.686126   -6.794229   29.561322   -7.631056   31.511674 
  -8.169748   33.232350   -8.991055   34.863201   -9.884611   36.379762  -10.677730 
  37.654935  -11.474473   38.669497  -12.402810   39.446394  -13.548774   39.996133 
 -14.987718   40.396361  -16.721050   13.904454   -6.936505   15.416786   -6.321006 
  16.997832   -5.860435   18.619591   -5.581571   20.270700   -5.565697   21.957165 
  -5.856870   23.698317   -6.366746   25.488489   -6.954233   27.269169   -7.688994 
  29.076922   -8.490078   30.891156   -9.165881   32.505748  -10.011695   33.996558 
 -10.946941   35.351803  -11.896487   36.501263  -12.908958   37.422177  -14.058496 
  38.109906  -15.415813   38.565574  -17.036313   38.975473  -18.863093   13.955994 
  -8.281571   15.455611   -7.571900   16.972110   -7.109003   18.497675   -6.825018 
  20.054287   -6.761156   21.654807   -6.952442   23.311836   -7.354765   25.021384 
  -7.884050   26.735756   -8.562978   28.452081   -9.334031   30.141379  -10.090539 
  31.660205  -10.973988   33.036527  -11.955148   34.258731  -13.002209   35.282994 
 -14.135901   36.081401  -15.391091   36.623532  -16.803793   36.829273  -18.426349 
  36.732306  -20.338478   14.332558   -9.432328   15.687835   -8.792757   17.023106 
  -8.406092   18.381943   -8.123947   19.804154   -8.000370   21.293184   -8.087902 
  22.847698   -8.376277   24.457987   -8.821347   26.083145   -9.428446   27.700185 
 -10.158131   29.275014  -10.947834   30.703823  -11.857398   31.985036  -12.874986 
  33.103793  -13.986836   34.030553  -15.203392   34.745832  -16.549127   35.239884 
 -18.062853   35.539263  -19.821273   35.921145  -21.947068   15.262828  -10.417730 
  16.183775  -10.158443   17.172906   -9.873008   18.282595   -9.552381   19.518189 
  -9.335293   20.857233   -9.298130   22.282427   -9.453563   23.776231   -9.784575 
  25.298730  -10.294989   26.815977  -10.959379   28.287616  -11.737639   29.634655 
 -12.646830   30.836586  -13.676998   31.875579  -14.819071   32.732451  -16.077183 
  33.399531  -17.466253   33.892431  -19.011381   34.291162  -20.743629   34.862908 
 -22.651252   15.202478  -12.551607   16.023912  -12.194611   16.959245  -11.689522 
  17.985963  -11.188123   19.096839  -10.820438   20.295859  -10.629435   21.582784 
 -10.624369   22.950375  -10.804399   24.363035  -11.181103   25.782351  -11.742648 
  27.162018  -12.461416   28.438280  -13.332984   29.575314  -14.340989   30.553320 
 -15.472655   31.357778  -16.724320   31.987937  -18.098802   32.462443  -19.603639 
  32.848747  -21.242761   33.298825  -23.004609   13.692813  -14.541502   14.804358 
 -14.229453   16.065388  -13.586491   17.238113  -12.965067   18.362705  -12.467412 
  19.494943  -12.120994   20.684012  -11.933955   21.940481  -11.927456   23.248051 
 -12.125306   24.573515  -12.533885   25.874179  -13.135953   27.089371  -13.919365 
  28.176635  -14.860438   29.108262  -15.935887   29.868143  -17.127972   30.451824 
 -18.421450   30.865555  -19.795521   31.126838  -21.200986   31.265243  -22.522792 
  12.227596  -15.412573   13.344791  -15.552966   14.631326  -15.215320   15.898023 
 -14.716256   17.096130  -14.219018   18.275412  -13.765427   19.457783  -13.414314 
  20.662361  -13.209402   21.901932  -13.190216   23.152874  -13.390355   24.391266 
 -13.811065   25.561491  -14.444285   26.613803  -15.261204   27.515636  -16.231180 
  28.244753  -17.323370   28.793461  -18.512059   29.156913  -19.779060   29.306303 
 -21.110058   29.158710  -22.488304   10.905268  -16.108950   11.800645  -16.620868 
  12.939825  -16.624623   14.135821  -16.363612   15.341582  -15.971609   16.560160 
 -15.515190   17.784273  -15.066225   19.024177  -14.682644   20.262213  -14.443130 
  21.484875  -14.400356   22.675959  -14.581464   23.806317  -14.990599   24.836205 
 -15.610790   25.719309  -16.404944   26.423063  -17.326345   26.939995  -18.323456 
  27.272584  -19.349640   27.410774  -20.349622   27.312779  -21.258281    9.712244 
 -17.280537   10.465068  -17.698122   11.362798  -17.905307   12.383920  -17.876380 
  13.488291  -17.654949   14.645220  -17.294417   15.839912  -16.848386   17.072689 
 -16.371786   18.312371  -15.956495   19.532894  -15.677841   20.708510  -15.589887 
  21.809816  -15.723333   22.811541  -16.076398   23.678019  -16.623564   24.364066 
 -17.320148   24.870119  -18.121488   25.187958  -18.992497   25.287753  -19.904088 
  25.226109  -20.858619    8.393715  -18.178704    8.978525  -18.762099    9.767433 
 -19.128977   10.707936  -19.288133   11.747059  -19.244345   12.826786  -19.035615 
  13.924016  -18.700674   15.067026  -18.246603   16.227007  -17.760487   17.401363 
 -17.306767   18.537071  -16.979473   19.581961  -16.838721   20.498890  -16.898251 
  21.279160  -17.126415   21.883010  -17.492591   22.347252  -17.945485   22.695315 
 -18.463005   22.900533  -19.033803   22.990363  -19.687474    6.930415  -18.795143 
   7.327112  -19.562767    8.141855  -20.139184    9.122267  -20.506230   10.181564 
 -20.668892   11.260162  -20.655767   12.329360  -20.493169   13.372874  -20.197243 
  14.393309  -19.787721   15.397667  -19.312450   16.350347  -18.877067   17.186440 
 -18.573437   17.831555  -18.442853   18.312509  -18.437769   18.652691  -18.519478 
  18.942884  -18.636128   19.195788  -18.773660   19.430863  -18.926165   19.667945 
 -19.090528    5.349333  -18.363573    5.739869  -19.740904    6.598296  -20.731399 
   7.609393  -21.414479    8.720007  -21.829049    9.881297  -22.034162   11.054330 
 -22.074642   12.225591  -21.973514   13.338709  -21.782747   14.376058  -21.537129 
  15.310148  -21.322171   16.105313  -21.250254   16.800712  -21.300157   17.426786 
 -21.464785   18.034560  -21.690525   18.661695  -21.936837   19.340050  -22.168190 
  20.107593  -22.327128   21.044020  -22.281766    4.074433  -18.824486    4.511488 
 -20.178207    5.313174  -21.283292    6.226626  -22.169661    7.274783  -22.781196 
   8.408518  -23.173299    9.601323  -23.387084   10.827860  -23.461246   11.987683 
 -23.483465   13.091425  -23.449049   14.071288  -23.463687   14.910991  -23.583704 
  15.699441  -23.732434   16.482912  -23.909273   17.286699  -24.119412   18.152362 
 -24.323114   19.106725  -24.501514   20.193318  -24.576662   21.413983  -24.495214 
   2.883936  -19.601801    3.359440  -20.909940    4.157221  -21.963322    4.947700 
 -22.956264    5.878190  -23.684203    6.910024  -24.206140    8.038692  -24.544552 
   9.286990  -24.728052   10.438835  -24.924215   11.608159  -25.027735   12.656999 
 -25.220351   13.514248  -25.567669   14.397007  -25.820951   15.325535  -26.005485 
  16.267177  -26.199218   17.273461  -26.353105   18.335204  -26.509127   19.552808 
 -26.564727   20.918967  -26.737646    1.876065  -20.757137    2.190709  -21.937900 
   3.090343  -22.806503    3.725133  -23.882038    4.515671  -24.653914    5.413452 
 -25.258020    6.403331  -25.671016    7.675899  -25.844738    8.768546  -26.201302 
   9.951089  -26.349282   11.087658  -26.562578   11.974503  -27.198242   12.960848 
 -27.622319   14.045210  -27.867462   15.011403  -28.120616   16.035826  -28.246269 
  16.946781  -28.472580   17.942558  -28.446989   18.818114  -28.513131 
0
0
