% Malla de 41 x 41 puntos del estado de Michoacán
41 41
mic41ini.red
   9.700000   -1.600000    9.000000   -2.700000    8.889900   -3.323700    8.721600   -4.277600 
   9.100000   -4.900000   10.000000   -4.800000   11.096100   -5.269800   11.986400 
  -5.651300   12.800000   -6.000000   12.800000   -6.600000   12.500000   -7.400000 
  12.100000   -8.300000   12.700000   -9.300000   12.800000  -10.000000   13.200000 
 -10.900000   14.500000  -11.000000   14.900000  -12.100000   14.825200  -12.623600 
  14.200000  -13.100000   14.100000  -13.700000   13.500000  -14.100000   12.300000 
 -13.700000   11.400000  -13.900000   10.981600  -14.557500   10.700000  -15.000000 
   9.700000  -15.400000    9.400000  -16.299999    8.900000  -16.900000    7.759700 
 -17.388700    6.900000  -17.900000    6.000000  -17.700001    5.911400  -16.902901 
   5.500000  -16.700001    4.700000  -17.600000    3.400000  -17.200001    2.900000 
 -18.000000    2.100000  -18.500000    1.792700  -18.982901    1.272700  -19.799999 
   0.752700  -20.617201    0.200000  -20.799999    0.500000  -21.500000    0.332000 
 -22.172100    0.700000  -22.799999    1.155400  -23.060200    1.734100  -23.390900 
   2.100000  -23.600000    2.400000  -24.299999    2.800000  -25.100000    2.726600 
 -25.466999    3.100000  -25.700001    3.600000  -26.000000    4.000000  -26.400000 
   4.600000  -26.500000    4.800000  -27.000000    5.600000  -26.600000    6.100000 
 -26.900000    6.703900  -27.184200    7.307000  -27.468000    7.800000  -27.700001 
   8.400000  -27.799999    9.300000  -27.700001    9.642900  -28.091900   10.000000 
 -28.500000   10.800000  -28.700001   11.095600  -29.192699   11.800000  -29.500000 
  12.293500  -29.417801   12.600000  -29.600000   13.100000  -29.700001   13.700000 
 -30.100000   14.342000  -30.100000   15.300000  -30.100000   15.540100  -30.388201 
  15.800000  -30.700001   17.000000  -30.600000   17.200001  -31.200001   17.613600 
 -31.108101   18.100000  -31.000000   18.600000  -31.299999   18.799999  -31.600000 
  19.200001  -30.100000   19.400000  -28.799999   21.000000  -27.600000   22.500000 
 -27.299999   22.600000  -25.299999   22.700001  -24.100000   22.799999  -23.400000 
  22.600000  -21.600000   21.700001  -20.100000   20.000000  -19.299999   21.299999 
 -19.100000   22.900000  -20.600000   23.700001  -22.299999   26.100000  -22.100000 
  26.439501  -21.505899   27.000000  -22.100000   27.299999  -23.500000   28.600000 
 -24.000000   29.900000  -23.299999   31.299999  -23.600000   33.200001  -23.700001 
  34.000000  -24.900000   36.200001  -24.500000   37.575199  -25.513300   38.599998 
 -25.000000   37.599998  -24.500000   37.500000  -22.700001   37.200001  -21.400000 
  38.500000  -21.500000   40.000000  -20.799999   40.700001  -19.900000   41.000000 
 -18.600000   41.799999  -16.900000   42.799999  -14.900000   42.400002  -13.200000 
  43.700001  -13.000000   43.819099  -11.411900   43.957500   -9.566800   44.500000 
  -8.000000   45.500000   -6.500000   45.200001   -5.800000   45.099998   -4.100000 
  44.500000   -3.400000   44.099998   -1.200000   43.237099   -0.936300   41.931400 
  -0.537400   40.625702   -0.138400   41.099998   -1.100000   41.200001   -1.900000 
  41.000000   -3.400000   40.400002   -4.900000   39.500000   -5.100000   37.500000 
  -6.100000   36.200001   -5.900000   35.400002   -5.200000   35.130501   -4.032100 
  34.099998   -3.600000   32.559700   -3.781200   31.203800   -3.940700   30.000000 
  -4.300000   29.100000   -3.500000   29.299999   -2.100000   28.500000   -0.700000 
  27.000000   -0.700000   26.299999   -2.200000   25.000000   -2.000000   24.242300 
  -2.227300   23.299999   -2.000000   22.900000   -1.000000   21.000000    0.600000 
  20.130400    0.432800   18.789700    0.174900   17.448999   -0.082900   16.108299 
  -0.340700   15.500000   -0.900000   13.712200   -1.306300   13.500000   -2.000000 
  12.000000   -2.300000   10.800000   -1.800000   10.429273   -2.483621   11.898946 
  -2.645416   13.659678   -2.283407   14.540432   -1.694918   15.619767   -1.349493 
  16.563358   -0.852717   17.659805   -0.580585   18.852546   -0.373847   20.042742 
  -0.261405   21.130226   -0.343477   22.223929   -1.139666   22.960507   -2.197331 
  24.135538   -2.608765   25.235945   -2.518232   26.379086   -2.537731   27.258886 
  -1.849035   28.037274   -1.859752   28.519895   -2.598393   28.877249   -3.711386 
  29.981276   -4.608990   31.305176   -4.411967   32.518870   -4.328892   33.652176 
  -4.343452   34.503049   -4.744135   35.127476   -5.588352   36.152083   -6.288616 
  37.548021   -6.424364   39.040736   -5.850110   40.334688   -5.432152   41.127799 
  -4.475751   41.711420   -3.447790   42.108611   -2.683901   42.353725   -2.469929 
  42.742499   -2.582001   43.267151   -3.003058   43.730486   -3.660853   44.036280 
  -4.868132   44.333024   -5.852034   44.421580   -7.022611   10.269950   -3.082325 
  11.782067   -3.014963   13.381540   -2.764712   14.561412   -2.241795   15.647149 
  -1.854306   16.683896   -1.418278   17.739122   -1.141256   18.831928   -0.965046 
  19.914474   -0.911726   20.936407   -1.051213   21.863695   -1.594823   22.719314 
  -2.459715   23.917184   -2.934267   25.108089   -2.980108   26.194698   -3.037663 
  27.058458   -2.782040   27.694859   -2.862411   28.202522   -3.394585   28.809465 
  -4.201558   29.959585   -4.936304   31.246413   -4.895170   32.372031   -4.917569 
  33.367642   -5.053189   34.208516   -5.450002   35.015121   -6.118939   36.094039 
  -6.691367   37.414048   -6.833449   38.716067   -6.534497   39.897044   -6.288346 
  40.740113   -5.764072   41.379336   -5.202082   41.862365   -4.792543   42.250125 
  -4.647306   42.614042   -4.745387   42.965638   -5.109412   43.270476   -5.726758 
  43.493372   -6.613874   43.666525   -7.562019   43.779821   -8.611671   10.203031 
  -3.648013   11.733604   -3.406183   13.231938   -3.172493   14.499305   -2.735554 
  15.637758   -2.359614   16.702954   -1.981153   17.739953   -1.723361   18.771633 
  -1.573668   19.780030   -1.551726   20.738051   -1.704206   21.635829   -2.130942 
  22.550043   -2.807617   23.695162   -3.264234   24.853739   -3.412679   25.885929 
  -3.545445   26.764561   -3.531579   27.458877   -3.701218   28.098516   -4.151270 
  28.871075   -4.777679   29.971069   -5.317992   31.161465   -5.389058   32.219133 
  -5.506935   33.167923   -5.722224   34.034542   -6.112301   34.917753   -6.659410 
  35.963334   -7.128013   37.135803   -7.310606   38.269205   -7.222524   39.270980 
  -7.142757   40.112388   -6.932503   40.787550   -6.677027   41.325963   -6.500463 
  41.765814   -6.482385   42.141916   -6.649744   42.465808   -7.023910   42.737666 
  -7.606820   42.960593   -8.387165   43.166294   -9.298027   43.406804  -10.324868 
  10.461894   -4.064480   11.903044   -3.781250   13.280852   -3.549731   14.512775 
  -3.188007   15.642807   -2.854638   16.699056   -2.534825   17.712709   -2.309129 
  18.702026   -2.185665   19.663322   -2.183602   20.587895   -2.334382   21.486434 
  -2.686679   22.425657   -3.217736   23.508839   -3.629662   24.608612   -3.841470 
  25.612772   -4.031795   26.514420   -4.155890   27.295035   -4.393183   28.055286 
  -4.804984   28.921933   -5.317285   29.969810   -5.745898   31.066427   -5.899938 
  32.067989   -6.089955   32.992878   -6.355467   33.871760   -6.734706   34.769142 
  -7.201059   35.753433   -7.609790   36.793933   -7.840432   37.790764   -7.906748 
  38.677912   -7.950957   39.463030   -7.944068   40.132909   -7.914464   40.692404 
  -7.930444   41.159464   -8.050583   41.553400   -8.308851   41.887030   -8.725131 
  42.171211   -9.303641   42.422552  -10.032460   42.678956  -10.874760   43.027917 
 -11.806647   11.043575   -4.365244   12.269711   -4.153354   13.482961   -3.932072 
  14.618014   -3.633025   15.689960   -3.349732   16.707488   -3.084915   17.687722 
  -2.894366   18.641916   -2.795044   19.572030   -2.805628   20.479100   -2.947411 
  21.380960   -3.243476   22.324548   -3.668412   23.357711   -4.035561   24.406424 
  -4.282111   25.393047   -4.512039   26.312053   -4.715600   27.157234   -4.994369 
  27.995332   -5.381908   28.902985   -5.824413   29.910547   -6.202271   30.940040 
  -6.421246   31.900434   -6.663919   32.806271   -6.961795   33.681528   -7.333311 
  34.565091   -7.753602   35.488769   -8.136261   36.429307   -8.413225   37.327009 
  -8.592923   38.139881   -8.745508   38.869906   -8.877874   39.511122   -9.010012 
  40.062567   -9.179802   40.531037   -9.425566   40.926459   -9.773943   41.257216 
 -10.239315   41.530788  -10.819986   41.753855  -11.496704   41.938172  -12.224422 
  42.136262  -12.870995   11.766116   -4.821412   12.738908   -4.563796   13.779702 
  -4.347730   14.792239   -4.099501   15.778491   -3.861480   16.738084   -3.641913 
  17.676445   -3.481878   18.597620   -3.401441   19.503513   -3.418324   20.398514 
  -3.547142   21.298929   -3.798037   22.235192   -4.146361   23.229422   -4.474956 
  24.237683   -4.737679   25.208729   -4.992654   26.135849   -5.241857   27.018792 
  -5.543598   27.898274   -5.914565   28.818669   -6.316641   29.793504   -6.675048 
  30.774817   -6.943148   31.704545   -7.225876   32.592392   -7.547788   33.454508 
  -7.918102   34.314263   -8.317940   35.185447   -8.696566   36.051705   -9.015996 
  36.876798   -9.281082   37.634368   -9.527177   38.321031   -9.768705   38.933138 
 -10.023584   39.469574  -10.316644   39.933678  -10.673812   40.332262  -11.115598 
  40.674382  -11.654714   40.973505  -12.293343   41.252536  -13.020250   41.558456 
 -13.797499   41.993555  -14.510800   12.524580   -5.248839   13.288653   -5.011600 
  14.136085   -4.820212   15.006138   -4.611724   15.892534   -4.405620   16.785230 
  -4.216082   17.677917   -4.076374   18.566870   -4.007018   19.451092   -4.024079 
  20.334184   -4.137477   21.227856   -4.351111   22.150880   -4.643351   23.113324 
  -4.939809   24.088653   -5.207040   25.042747   -5.475639   25.969231   -5.750223 
  26.869004   -6.063425   27.765218   -6.423048   28.683525   -6.802664   29.629807 
  -7.156188   30.573470   -7.460478   31.477388   -7.774672   32.346346   -8.117095 
  33.190856   -8.492761   34.023543   -8.889025   34.850559   -9.276716   35.660248 
  -9.635012   36.430510   -9.966719   37.144054  -10.290974   37.795836  -10.621527 
  38.382868  -10.973900   38.904616  -11.366490   39.363787  -11.818028   39.766621 
 -12.344132   40.122926  -12.954733   40.447899  -13.650886   40.764003  -14.421204 
  41.099989  -15.236409   41.467576  -16.056888   13.280616   -5.756699   13.829245 
  -5.572170   14.478473   -5.394220   15.209849   -5.194270   16.002604   -4.994058 
  16.833001   -4.813899   17.683372   -4.680997   18.542887   -4.613734   19.407253 
  -4.625321   20.276658   -4.721925   21.159347   -4.904116   22.065852   -5.153887 
  23.000590   -5.423222   23.947156   -5.687503   24.882512   -5.961483   25.800940 
  -6.248478   26.702669   -6.566390   27.600050   -6.918189   28.508150   -7.285631 
  29.427376   -7.640453   30.338776   -7.971026   31.218482   -8.310310   32.067461 
  -8.671211   32.891509   -9.057097   33.697333   -9.460092   34.486970   -9.863864 
  35.252257  -10.257348   35.979302  -10.642627   36.656399  -11.031162   37.278510 
 -11.434293   37.843205  -11.864882   38.350256  -12.337231   38.801936  -12.865491 
  39.203299  -13.461589   39.562541  -14.132810   39.890243  -14.879461   40.199047 
 -15.693061   40.497753  -16.561873   40.772496  -17.499874   13.378880   -6.565802 
  13.964795   -6.350997   14.601132   -6.101477   15.302416   -5.852567   16.060050 
  -5.625059   16.857670   -5.433269   17.680061   -5.294721   18.516977   -5.221870 
  19.363408   -5.223685   20.218813   -5.303106   21.087581   -5.458365   21.975597 
  -5.674793   22.884808   -5.920554   23.803975   -6.177193   24.718429   -6.450391 
  25.623595   -6.741440   26.516927   -7.059720   27.405166   -7.405329   28.296401 
  -7.765738   29.189624   -8.123864   30.072126   -8.473489   30.928038   -8.832754 
  31.755990   -9.210416   32.558338   -9.609096   33.338211  -10.024175   34.095695 
 -10.446960   34.824802  -10.872011   35.516094  -11.301096   36.161655  -11.741883 
  36.757091  -12.203493   37.300399  -12.696143   37.791278  -13.231167   38.231124 
 -13.820017   38.623464  -14.472136   38.972710  -15.194257   39.285112  -15.987703 
  39.570451  -16.848035   39.851813  -17.769372   40.180459  -18.767827   13.157413 
  -7.392198   13.863382   -7.143449   14.576653   -6.832345   15.310249   -6.532512 
  16.072202   -6.271869   16.859954   -6.061702   17.666863   -5.912285   18.486984 
  -5.830390   19.317020   -5.820717   20.156636   -5.883500   21.008565   -6.015313 
  21.875661   -6.204304   22.758887   -6.428717   23.651557   -6.674571   24.543436 
  -6.942424   25.429216   -7.231737   26.307040   -7.546895   27.179778   -7.886716 
  28.050967   -8.242525   28.918590   -8.603720   29.774030   -8.966817   30.606228 
  -9.341670   31.412438   -9.734026   32.192626  -10.145995   32.948071  -10.575245 
  33.677046  -11.017502   34.374913  -11.470212   35.035285  -11.935227   35.652482 
 -12.417884   36.222706  -12.925770   36.744303  -13.466505   37.216796  -14.049287 
  37.639992  -14.683600   38.014553  -15.377292   38.341140  -16.137142   38.619772 
 -16.966000   38.856187  -17.857392   39.091492  -18.791622   39.420636  -19.763539 
  12.959406   -8.177771   13.763892   -7.877515   14.536440   -7.527980   15.301321 
  -7.196461   16.072998   -6.913080   16.856377   -6.688637   17.651047   -6.529705 
  18.455147   -6.439124   19.267633   -6.418282   20.088693   -6.465508   20.920280 
  -6.576991   21.764343   -6.742458   22.620976   -6.946965   23.485518   -7.179696 
  24.351038   -7.438328   25.213757   -7.721488   26.071155   -8.030615   26.923781 
  -8.363824   27.772365   -8.715273   28.614576   -9.078001   29.443967   -9.449854 
  30.252726   -9.836264   31.037170  -10.240828   31.795607  -10.665211   32.527123 
 -11.108406   33.229895  -11.568454   33.899875  -12.044638   34.532540  -12.538714 
  35.123566  -13.054508   35.669360  -13.598103   36.168745  -14.175248   36.619760 
 -14.792863   37.020785  -15.458256   37.369278  -16.178272   37.660304  -16.958975 
  37.881871  -17.804213   38.021737  -18.705739   38.130164  -19.623950   38.322409 
 -20.511916   13.252158   -8.896795   13.906495   -8.540173   14.615540   -8.174638 
  15.352207   -7.832790   16.105185   -7.541445   16.869956   -7.311292   17.644116 
  -7.147394   18.426143   -7.050568   19.215615   -7.019836   20.012921   -7.052745 
  20.819717   -7.145587   21.636861   -7.289846   22.464599   -7.475040   23.299241 
  -7.692430   24.136517   -7.938859   24.973170   -8.212237   25.806443   -8.512433 
  26.635732   -8.837498   27.460185   -9.183301   28.277155   -9.545150   29.082214 
  -9.921739   29.867799  -10.315734   30.630060  -10.729388   31.366340  -11.164016 
  32.075063  -11.619455   32.753596  -12.094722   33.397937  -12.590051   34.005138 
 -13.107049   34.571495  -13.648873   35.094272  -14.219416   35.570501  -14.823516 
  35.997619  -15.465675   36.371892  -16.150865   36.687049  -16.883137   36.930062 
 -17.664497   37.073058  -18.495864   37.068425  -19.382969   36.967568  -20.327989 
  37.001366  -21.118642   13.467264   -9.660312   14.095085   -9.224080   14.760605 
  -8.815747   15.458916   -8.459730   16.177775   -8.165762   16.909609   -7.936017 
  17.651853   -7.771067   18.402353   -7.670284   19.161203   -7.630780   19.928432 
  -7.649914   20.704400   -7.724910   21.490844   -7.848787   22.286332   -8.014140 
  23.088990   -8.214037   23.895503   -8.445261   24.703300   -8.705371   25.509759 
  -8.993564   26.313451   -9.307991   27.113301   -9.645914   27.906067  -10.003935 
  28.686428  -10.381044   29.448772  -10.778571   30.189231  -11.197882   30.903676 
 -11.639975   31.590303  -12.104603   32.246246  -12.591899   32.867286  -13.102672 
  33.452235  -13.637062   33.996237  -14.198942   34.497156  -14.790243   34.951659 
 -15.414788   35.356493  -16.076281   35.707257  -16.779115   35.997205  -17.528616 
  36.213579  -18.333397   36.339293  -19.211951   36.382318  -20.206293   36.476584 
 -21.329178   36.758580  -22.455110   13.822533  -10.339187   14.405041   -9.849655 
  15.008005   -9.428280   15.644077   -9.078202   16.304772   -8.794840   16.983194 
  -8.573146   17.676876   -8.410703   18.383338   -8.306739   19.101917   -8.258102 
  19.830323   -8.262837   20.570700   -8.319208   21.321378   -8.421963   22.081458 
  -8.566279   22.849665   -8.746297   23.623482   -8.959212   24.400610   -9.202640 
  25.178212   -9.475403   25.955962   -9.775842   26.729927  -10.102764   27.497610 
 -10.453251   28.253415  -10.826574   28.992907  -11.223225   29.711641  -11.644075 
  30.405657  -12.090071   31.071748  -12.560860   31.707885  -13.056672   32.308438 
 -13.578432   32.873026  -14.125999   33.397330  -14.702410   33.879043  -15.309226 
  34.314958  -15.949592   34.702725  -16.626951   35.039819  -17.346672   35.322162 
 -18.116771   35.548251  -18.952310   35.724048  -19.883915   35.896393  -20.966517 
  36.194159  -22.283019   36.709638  -24.166269   14.730718  -10.680383   15.047175 
 -10.340089   15.458519  -10.006397   15.953780   -9.706149   16.506849   -9.450800 
  17.099420   -9.242070   17.721745   -9.082023   18.368621   -8.972269   19.034924 
  -8.911808   19.717285   -8.899355   20.414667   -8.934827   21.125192   -9.014691 
  21.846058   -9.135363   22.577370   -9.292316   23.316121   -9.483353   24.060389 
  -9.706051   24.809093   -9.959377   25.559220  -10.242203   26.306266  -10.554140 
  27.048061  -10.892653   27.779935  -11.257433   28.497092  -11.648569   29.195153 
 -12.066458   29.869737  -12.511882   30.517964  -12.984811   31.136020  -13.485013 
  31.718731  -14.013148   32.266070  -14.569050   32.773587  -15.155105   33.239231 
 -15.772229   33.660336  -16.423251   34.036753  -17.111126   34.367792  -17.841553 
  34.655340  -18.622310   34.907358  -19.467461   35.146085  -20.400809   35.428073 
 -21.458768   35.858665  -22.693979   36.559073  -24.300029   15.251759  -11.583060 
  15.548951  -11.146617   15.873298  -10.755148   16.267595  -10.444082   16.721700 
 -10.189467   17.223914   -9.976909   17.767478   -9.807466   18.344783   -9.683569 
  18.950664   -9.604729   19.579757   -9.569463   20.228903   -9.579477   20.895175 
  -9.632759   21.575351   -9.726195   22.268055   -9.856426   22.970077  -10.021502 
  23.681444  -10.219140   24.398513  -10.448539   25.118182  -10.709342   25.837526 
 -11.001240   26.553550  -11.322620   27.261849  -11.673442   27.957589  -12.053695 
  28.636613  -12.463402   29.294200  -12.903503   29.926552  -13.373620   30.528573 
 -13.873604   31.097384  -14.403552   31.630093  -14.963338   32.123740  -15.553842 
  32.576202  -16.176036   32.985866  -16.831739   33.354483  -17.523552   33.682376 
 -18.255644   33.976930  -19.033349   34.251763  -19.865730   34.536987  -20.766531 
  34.889978  -21.757123   35.416853  -22.884584   36.308893  -24.332474   15.247236 
 -12.496203   15.723538  -12.031406   16.113199  -11.629431   16.486342  -11.311707 
  16.880909  -11.041497   17.311490  -10.806120   17.781505  -10.611035   18.290421 
 -10.459369   18.834957  -10.350972   19.409094  -10.284768   20.007397  -10.262954 
  20.626923  -10.283799   21.264357  -10.344999   21.916779  -10.444028   22.581597 
 -10.578646   23.256675  -10.746481   23.940031  -10.947231   24.628913  -11.180901 
  25.319877  -11.447359   26.010049  -11.745803   26.695522  -12.076401   27.372271 
 -12.439793   28.034877  -12.835926   28.678046  -13.265333   29.296523  -13.727338 
  29.886172  -14.221989   30.443045  -14.748821   30.963839  -15.307319   31.446073 
 -15.897056   31.887756  -16.518893   32.287857  -17.173441   32.648715  -17.861827 
  32.971827  -18.586155   33.267110  -19.348351   33.549304  -20.150297   33.846453 
 -20.993495   34.204213  -21.874265   34.688138  -22.776783   35.300130  -23.661462 
  14.920776  -13.126230   15.489103  -12.846687   15.946637  -12.584805   16.374018 
 -12.311136   16.800694  -12.021029   17.234680  -11.744641   17.684048  -11.504962 
  18.155962  -11.310888   18.655841  -11.161686   19.183310  -11.056118   19.736028 
 -10.994499   20.311600  -10.976829   20.906157  -11.000685   21.516908  -11.063259 
  22.141313  -11.161980   22.779524  -11.294762   23.428625  -11.461263   24.086015 
 -11.661775   24.748240  -11.896958   25.413453  -12.165885   26.079615  -12.469496 
  26.739652  -12.809354   27.387829  -13.185896   28.018864  -13.598337   28.627083 
 -14.046839   29.207109  -14.530811   29.754655  -15.049030   30.266309  -15.600792 
  30.738887  -16.184806   31.170772  -16.800571   31.561792  -17.447799   31.913528 
 -18.126490   32.229134  -18.836554   32.516231  -19.576982   32.788599  -20.345159 
  33.069208  -21.136947   33.393130  -21.947335   33.796804  -22.785182   34.185791 
 -23.714055   14.538644  -13.714099   14.942588  -13.683972   15.384642  -13.561938 
  15.891944  -13.325490   16.411648  -13.028764   16.912404  -12.731375   17.399891 
 -12.456944   17.879878  -12.226259   18.368373  -12.035506   18.872344  -11.886540 
  19.393343  -11.780944   19.931906  -11.719143   20.485923  -11.702095   21.056086 
 -11.723818   21.642771  -11.781236   22.243538  -11.873652   22.858203  -11.999728 
  23.483687  -12.160827   24.117197  -12.357404   24.760388  -12.588691   25.408097 
 -12.857481   26.053319  -13.165619   26.690353  -13.514591   27.312743  -13.903588 
  27.914799  -14.332261   28.488638  -14.799821   29.029853  -15.304623   29.534197 
 -15.844057   29.998674  -16.416938   30.421855  -17.021269   30.804038  -17.655844 
  31.145943  -18.319344   31.449740  -19.009810   31.720125  -19.723426   31.965780 
 -20.453545   32.200472  -21.186216   32.447560  -21.899451   32.750056  -22.566613 
  33.131795  -23.194920   13.627345  -14.311475   13.894153  -14.456367   14.469681 
 -14.410026   15.125527  -14.211806   15.753422  -13.952466   16.337652  -13.679011 
  16.887703  -13.411302   17.409866  -13.168778   17.922535  -12.950951   18.430558 
 -12.768604   18.942669  -12.622212   19.461642  -12.517007   19.984073  -12.458529 
  20.521443  -12.435504   21.073129  -12.448222   21.638626  -12.495528   22.221641 
 -12.574292   22.816357  -12.689305   23.423171  -12.839491   24.044610  -13.024575 
  24.676305  -13.249085   25.309607  -13.516867   25.938563  -13.829059   26.556787 
 -14.186253   27.155843  -14.587580   27.726848  -15.031927   28.264326  -15.516323 
  28.764016  -16.038196   29.222904  -16.594553   29.639588  -17.183052   30.013873 
 -17.800674   30.345773  -18.444979   30.636152  -19.113245   30.885884  -19.801547 
  31.097598  -20.501930   31.274167  -21.202204   31.418160  -21.884251   31.525114 
 -22.522949   31.543314  -23.094029   12.581249  -14.327404   13.022547  -14.793278 
  13.624752  -14.949487   14.287440  -14.904348   14.947916  -14.748794   15.575982 
 -14.544302   16.172272  -14.319642   16.732802  -14.099555   17.280068  -13.880988 
  17.811791  -13.682653   18.339517  -13.505927   18.859660  -13.365121   19.369486 
 -13.269472   19.885710  -13.204614   20.411124  -13.172084   20.949485  -13.171376 
  21.509193  -13.196893   22.076755  -13.260322   22.658965  -13.357583   23.263955 
 -13.487536   23.881402  -13.658576   24.504893  -13.875325   25.129528  -14.140006 
  25.745158  -14.455131   26.344507  -14.819388   26.916185  -15.231959   27.454166 
 -15.688794   27.953855  -16.187058   28.410597  -16.721810   28.822272  -17.289059 
  29.190344  -17.885531   29.512925  -18.506452   29.790010  -19.148711   30.019660 
 -19.807422   30.197620  -20.474627   30.317788  -21.136795   30.365243  -21.771555 
  30.311106  -22.348308   30.116273  -22.847787   11.907284  -14.437678   12.327302 
 -15.006858   12.846039  -15.336611   13.441753  -15.449829   14.069788  -15.423512 
  14.699104  -15.312683   15.307063  -15.156975   15.894911  -14.979028   16.467067 
 -14.787562   17.029784  -14.591569   17.577350  -14.408944   18.104890  -14.252666 
  18.614329  -14.130366   19.124578  -14.030562   19.641137  -13.954846   20.169242 
 -13.903417   20.708362  -13.879539   21.257620  -13.888861   21.825554  -13.927332 
  22.414292  -13.996465   23.018925  -14.104789   23.634818  -14.258910   24.255903 
 -14.464402   24.871044  -14.724594   25.474815  -15.039485   26.052200  -15.410077 
  26.595809  -15.830695   27.099251  -16.297185   27.559222  -16.804298   27.969319 
 -17.346098   28.332467  -17.916272   28.647299  -18.509483   28.913941  -19.122055 
  29.129226  -19.750563   29.286481  -20.392010   29.373999  -21.043021   29.366555 
 -21.701567   29.220469  -22.371853   28.911055  -23.091117   11.464028  -14.883451 
  11.776712  -15.340850   12.161268  -15.699593   12.646723  -15.914841   13.199200 
 -16.001983   13.785923  -15.991345   14.388282  -15.909815   14.977823  -15.791738 
  15.563503  -15.641463   16.145929  -15.469370   16.701099  -15.306240   17.238090 
 -15.152323   17.755511  -15.018111   18.271026  -14.895291   18.782775  -14.790853 
  19.299000  -14.702796   19.827629  -14.630958   20.364231  -14.585645   20.915484 
 -14.565842   21.489520  -14.571735   22.084229  -14.610132   22.694240  -14.691931 
  23.311736  -14.826337   23.929091  -15.017637   24.540585  -15.268575   25.128223 
 -15.581905   25.682061  -15.954787   26.197405  -16.379405   26.665340  -16.850821 
  27.076963  -17.360451   27.437308  -17.898495   27.745052  -18.458226   28.001627 
 -19.031875   28.206278  -19.616367   28.356837  -20.209115   28.445822  -20.812818 
  28.454870  -21.436806   28.333366  -22.091082   27.982367  -22.780735   10.929669 
 -15.394008   11.170556  -15.777492   11.493449  -16.114403   11.904808  -16.367694 
  12.390517  -16.524993   12.923859  -16.595328   13.488554  -16.590480   14.060083 
 -16.535279   14.639002  -16.436372   15.217051  -16.305615   15.766619  -16.174846 
  16.299490  -16.041678   16.813934  -15.915807   17.321509  -15.792900   17.828468 
 -15.673787   18.338573  -15.561969   18.863612  -15.453499   19.390219  -15.363125 
  19.930997  -15.287810   20.490746  -15.231986   21.075532  -15.199444   21.683935 
 -15.201250   22.295810  -15.255087   22.915661  -15.364446   23.535066  -15.535638 
  24.137819  -15.774332   24.706298  -16.082621   25.241481  -16.450537   25.725206 
 -16.875484   26.144070  -17.346130   26.504518  -17.848115   26.801681  -18.368396 
  27.042357  -18.894877   27.226891  -19.418580   27.364430  -19.934819   27.457796 
 -20.441293   27.510004  -20.940427   27.504583  -21.430408   27.370846  -21.866075 
  10.141987  -15.740899   10.471423  -16.151674   10.795138  -16.526901   11.173102 
 -16.820800   11.613105  -17.029060   12.102136  -17.159455   12.628745  -17.218665 
  13.175390  -17.222041   13.729742  -17.181610   14.289543  -17.100988   14.820212 
 -17.013295   15.340501  -16.911838   15.839490  -16.811963   16.331606  -16.705708 
  16.833890  -16.584201   17.332410  -16.464677   17.841866  -16.339652   18.354160 
 -16.221681   18.887656  -16.100891   19.433629  -15.992398   20.008586  -15.893461 
  20.607301  -15.817358   21.216198  -15.783208   21.835325  -15.798896   22.456754 
 -15.875700   23.075024  -16.021622   23.655917  -16.245663   24.219733  -16.538858 
  24.731190  -16.899193   25.169227  -17.320828   25.538137  -17.783731   25.823050 
 -18.266677   26.036155  -18.750557   26.182088  -19.217789   26.277611  -19.661683 
  26.329458  -20.072066   26.349048  -20.446615   26.347910  -20.785173   26.350209 
 -21.105960    9.720374  -16.511455    9.949273  -16.827042   10.201054  -17.125340 
  10.518250  -17.377696   10.901628  -17.580558   11.340152  -17.732195   11.821956 
 -17.830642   12.333016  -17.880118   12.859865  -17.887211   13.388816  -17.861010 
  13.901746  -17.817020   14.407154  -17.754289   14.882890  -17.694026   15.363501 
 -17.610783   15.846131  -17.510091   16.331761  -17.395357   16.818065  -17.273937 
  17.307148  -17.146824   17.816471  -17.005186   18.349403  -16.854028   18.900276 
 -16.705036   19.474482  -16.565127   20.073250  -16.445848   20.685250  -16.366543 
  21.310528  -16.337420   21.937854  -16.372821   22.538426  -16.491600   23.123593 
 -16.687418   23.672972  -16.960604   24.145212  -17.311609   24.544237  -17.725138 
  24.832962  -18.177082   25.026879  -18.650038   25.141036  -19.120564   25.193602 
 -19.590300   25.193246  -20.056293   25.164824  -20.532188   25.153069  -21.034055 
  25.296177  -21.576763    9.019358  -17.219363    9.192959  -17.496082    9.442800 
 -17.740506    9.764248  -17.959261   10.143596  -18.151910   10.569077  -18.313424 
  11.032438  -18.437327   11.523582  -18.521982   12.030756  -18.570402   12.536692 
 -18.591302   13.039932  -18.586611   13.525057  -18.569203   13.988060  -18.547630 
  14.456168  -18.497754   14.919997  -18.431053   15.392657  -18.335373   15.849791 
 -18.237693   16.319646  -18.113793   16.796070  -17.973162   17.285839  -17.816414 
  17.806696  -17.633900   18.343464  -17.450599   18.911487  -17.264748   19.509835 
 -17.092664   20.122085  -16.959463   20.748463  -16.878264   21.369350  -16.869279 
  21.944749  -16.951024   22.526870  -17.107195   23.038587  -17.353678   23.462314 
 -17.666614   23.782189  -18.042380   23.990581  -18.463445   24.109345  -18.907882 
  24.156290  -19.360144   24.145008  -19.819625   24.107678  -20.306447   24.067665 
 -20.852236   24.010097  -21.507464    7.993852  -17.672559    8.212282  -17.966987 
   8.529483  -18.223623    8.908851  -18.456849    9.324221  -18.670089    9.767923 
 -18.857853   10.237173  -19.013691   10.726051  -19.135190   11.226014  -19.223328 
  11.723172  -19.286197   12.219029  -19.323750   12.700115  -19.346678   13.163195 
 -19.362118   13.624186  -19.352674   14.075467  -19.327376   14.532241  -19.269864 
  14.974173  -19.203646   15.419627  -19.109201   15.868210  -18.990196   16.326755 
 -18.843378   16.808470  -18.657558   17.302742  -18.454790   17.827002  -18.229110 
  18.394106  -17.983898   18.983383  -17.754796   19.580372  -17.569302   20.158437 
 -17.448287   20.719258  -17.403899   21.300437  -17.423879   21.792738  -17.537494 
  22.253145  -17.729511   22.573268  -17.955943   22.814333  -18.240769   22.962172 
 -18.567486   23.037343  -18.913556   23.043687  -19.254537   23.026412  -19.600480 
  23.006409  -19.953598   22.997923  -20.323560    7.016595  -18.193376    7.281915 
 -18.461924    7.680987  -18.704189    8.103784  -18.937977    8.537858  -19.163439 
   8.988941  -19.372137    9.457635  -19.557144    9.942810  -19.713531   10.439033 
 -19.840490   10.936554  -19.941461   11.428696  -20.020869   11.913289  -20.082438 
  12.382204  -20.135309   12.849316  -20.166496   13.303727  -20.183257   13.759256 
 -20.170867   14.197073  -20.148326   14.634910  -20.094155   15.069221  -20.013129 
  15.498909  -19.907153   15.938623  -19.757115   16.396561  -19.559134   16.876502 
 -19.314028   17.366251  -19.054670   17.876893  -18.780111   18.423222  -18.510419 
  18.972249  -18.288484   19.550291  -18.093442   20.029439  -18.007481   20.454355 
 -17.985673   20.737267  -18.029516   21.010850  -18.108385   21.225929  -18.210997 
  21.362590  -18.329024   21.430492  -18.450619   21.459215  -18.574425   21.459362 
 -18.698310   21.438282  -18.822665   21.396165  -18.951280    5.842787  -18.065162 
   6.302984  -18.585551    6.792081  -18.965445    7.258082  -19.284858    7.720701 
 -19.567201    8.190247  -19.820255    8.669878  -20.045316    9.160598  -20.241711 
   9.659757  -20.409953   10.161847  -20.551196   10.662044  -20.669455   11.154775 
 -20.770513   11.641559  -20.856410   12.121333  -20.926831   12.589608  -20.984364 
  13.058587  -21.016754   13.511141  -21.038143   13.963873  -21.029084   14.404089 
 -20.999446   14.837354  -20.940645   15.270187  -20.840278   15.701681  -20.694930 
  16.128802  -20.504014   16.557234  -20.263225   16.984086  -19.997168   17.456339 
 -19.653817   17.900398  -19.387971   18.266634  -19.210961   18.553912  -19.111503 
  18.770801  -19.070191   18.936052  -19.064895   19.074544  -19.077408   19.194764 
 -19.101022   19.306009  -19.129348   19.412705  -19.159929   19.519021  -19.190824 
  19.626005  -19.221781   19.735403  -19.251119   19.849159  -19.278200    5.357514 
 -17.928241    5.632999  -18.657886    6.043436  -19.160706    6.483862  -19.563982 
   6.942361  -19.909450    7.415118  -20.213225    7.898255  -20.482973    8.393147 
 -20.720272    8.895576  -20.928589    9.403350  -21.110285    9.911536  -21.267505 
  10.417601  -21.404515   10.918745  -21.524401   11.411668  -21.631407   11.902055 
 -21.722112   12.388590  -21.795020   12.864657  -21.856267   13.345268  -21.890354 
  13.817610  -21.906282   14.289139  -21.891253   14.759516  -21.840149   15.228892 
 -21.746347   15.691975  -21.612830   16.161309  -21.408661   16.614272  -21.199756 
  17.055206  -20.964639   17.449559  -20.809316   17.807949  -20.705975   18.131508 
 -20.667777   18.423958  -20.690963   18.701136  -20.747442   18.973931  -20.817616 
  19.253002  -20.883378   19.539783  -20.937133   19.838076  -20.971808   20.150719 
 -20.974953   20.483325  -20.943503   20.844459  -20.861078   21.238282  -20.669899 
   4.975681  -17.912903    5.051152  -18.713783    5.356085  -19.306724    5.755361 
 -19.789764    6.200417  -20.201284    6.669209  -20.560368    7.151325  -20.877814 
   7.646096  -21.157040    8.149759  -21.404202    8.659266  -21.623487    9.173657 
 -21.816966    9.688569  -21.988520   10.200057  -22.142755   10.707925  -22.281334 
  11.213977  -22.402490   11.714932  -22.511501   12.215093  -22.603220   12.719483 
 -22.673049   13.218987  -22.726015   13.719745  -22.752509   14.220663  -22.747175 
  14.717278  -22.708345   15.212195  -22.626962   15.703638  -22.494908   16.173971 
 -22.349897   16.621209  -22.202298   17.034210  -22.098590   17.421870  -22.036721 
  17.787203  -22.023036   18.140654  -22.051726   18.494986  -22.103973   18.858661 
 -22.164162   19.237807  -22.216789   19.635689  -22.249710   20.055867  -22.253106 
  20.500274  -22.216351   20.969258  -22.131689   21.468416  -21.992507   22.008627 
 -21.801835    4.449597  -18.207491    4.469241  -18.852037    4.712381  -19.466166 
   5.079054  -20.004509    5.507373  -20.472549    5.966054  -20.883464    6.440092 
 -21.246967    6.929313  -21.567363    7.429046  -21.850928    7.935764  -22.104282 
   8.449786  -22.330248    8.969170  -22.532693    9.489004  -22.716858   10.007962 
 -22.885407   10.526940  -23.037098   11.041460  -23.175883   11.560462  -23.294703 
  12.083310  -23.394462   12.606463  -23.478050   13.133255  -23.539345   13.656182 
 -23.578658   14.175327  -23.588921   14.689855  -23.564205   15.197394  -23.502334 
  15.686927  -23.422953   16.155007  -23.340595   16.596923  -23.280804   17.018475 
 -23.249486   17.426202  -23.248529   17.829226  -23.273493   18.237907  -23.312145 
  18.659947  -23.353708   19.100680  -23.387069   19.563190  -23.402418   20.048513 
 -23.392343   20.555120  -23.351505   21.079872  -23.277933   21.619365  -23.180730 
  22.177805  -23.118194    3.704585  -18.032929    3.841419  -18.859555    4.088411 
 -19.590936    4.443110  -20.208157    4.860490  -20.736228    5.308236  -21.198427 
   5.768139  -21.607392    6.246131  -21.965149    6.735048  -22.282744    7.233694 
 -22.565863    7.741897  -22.819559    8.259805  -23.047702    8.783847  -23.256293 
   9.309202  -23.450818    9.836466  -23.629935   10.361348  -23.796257   10.894240 
 -23.940696   11.434976  -24.065334   11.979859  -24.174007   12.526881  -24.266357 
  13.069048  -24.343889   13.601463  -24.403474   14.127506  -24.433328   14.645994 
 -24.432437   15.149970  -24.413050   15.637901  -24.385324   16.107271  -24.365307 
  16.560144  -24.362058   17.003269  -24.374784   17.444375  -24.400199   17.893205 
 -24.429466   18.356253  -24.456770   18.837716  -24.476646   19.340472  -24.482951 
  19.865281  -24.472218   20.409152  -24.446405   20.965157  -24.408169   21.523476 
 -24.359463   22.080738  -24.284412    3.140509  -18.551607    3.312783  -19.239072 
   3.555617  -19.910451    3.886184  -20.516011    4.281490  -21.056453    4.708934 
 -21.545259    5.143618  -21.987768    5.601644  -22.373569    6.071504  -22.717730 
   6.553018  -23.024552    7.047378  -23.299032    7.556818  -23.545594    8.081020 
 -23.770657    8.609019  -23.985355    9.141820  -24.187186    9.671286  -24.380051 
  10.214136  -24.547306   10.770452  -24.692947   11.333959  -24.823114   11.900470 
 -24.941027   12.459584  -25.052576   12.999800  -25.159827   13.530413  -25.241854 
  14.053888  -25.295866   14.567358  -25.329533   15.071448  -25.347950   15.563335 
 -25.364973   16.040250  -25.392221   16.508848  -25.424945   16.976884  -25.458408 
  17.454210  -25.484634   17.945660  -25.503610   18.453486  -25.515809   18.981004 
 -25.517119   19.533375  -25.505223   20.110005  -25.491694   20.709813  -25.486055 
  21.329754  -25.497384   21.965309  -25.498401    2.534786  -19.031438    2.769731 
 -19.689898    3.025345  -20.325798    3.350208  -20.903052    3.737038  -21.432957 
   4.150733  -21.932786    4.555513  -22.402979    4.990103  -22.807948    5.434686 
 -23.171905    5.889790  -23.496181    6.360629  -23.783928    6.852908  -24.039787 
   7.373478  -24.269526    7.899755  -24.495431    8.437364  -24.712589    8.962697 
 -24.931911    9.510656  -25.119390   10.078562  -25.281968   10.660138  -25.428206 
  11.249342  -25.565320   11.830949  -25.704996   12.372910  -25.862720   12.900949 
 -25.997345   13.426592  -26.099828   13.942900  -26.183038   14.459347  -26.240751 
  14.971285  -26.290527   15.464670  -26.353356   15.948397  -26.414770   16.431668 
 -26.466161   16.926915  -26.496572   17.436108  -26.512535   17.953672  -26.524769 
  18.483361  -26.524941   19.038663  -26.503710   19.620076  -26.484435   20.235849 
 -26.480024   20.898687  -26.521120   21.637133  -26.683513    2.049177  -19.639163 
   2.258776  -20.273772    2.503985  -20.853782    2.826729  -21.373082    3.217637 
 -21.865383    3.627895  -22.363067    3.997058  -22.864861    4.408649  -23.281939 
   4.820836  -23.661042    5.237893  -23.997656    5.674075  -24.291566    6.137938 
 -24.547139    6.651290  -24.764871    7.168509  -24.988725    7.717292  -25.205954 
   8.233172  -25.454458    8.784701  -25.662482    9.363207  -25.839316    9.959669 
 -25.995844   10.573612  -26.140919   11.190492  -26.296613   11.727390  -26.512771 
  12.242985  -26.704484   12.768948  -26.851541   13.277086  -26.986265   13.803620 
 -27.073852   14.339162  -27.146353   14.843465  -27.251280   15.334455  -27.352796 
  15.823473  -27.435864   16.332888  -27.476691   16.857054  -27.494964   17.368289 
 -27.524519   17.869246  -27.542659   18.391182  -27.511784   18.916816  -27.480558 
  19.454654  -27.447540   20.001059  -27.435204   20.561937  -27.445805    1.545072 
 -20.323624    1.723468  -20.936241    1.951883  -21.459574    2.289361  -21.901164 
   2.708539  -22.331412    3.134827  -22.817064    3.463689  -23.375773    3.861576 
 -23.809434    4.225110  -24.205236    4.587631  -24.547825    4.980526  -24.842373 
   5.403412  -25.094080    5.906194  -25.279263    6.387671  -25.483815    6.963000 
 -25.658083    7.478743  -25.940968    8.043593  -26.176993    8.631858  -26.373633 
   9.233589  -26.539919    9.869644  -26.677106   10.545516  -26.819555   11.065366 
 -27.106117   11.555872  -27.364041   12.091203  -27.550568   12.573286  -27.752560 
  13.103686  -27.861362   13.675140  -27.930901   14.184369  -28.083511   14.677445 
 -28.236533   15.168097  -28.369719   15.706888  -28.422872   16.269500  -28.442616 
  16.774886  -28.522458   17.229650  -28.609947   17.712447  -28.584603   18.145753 
 -28.584387   18.555354  -28.558872   18.917893  -28.564998   19.195207  -28.646742 
   1.048623  -21.086671    1.126570  -21.685949    1.347187  -22.139770    1.734403 
 -22.481647    2.205981  -22.819330    2.663502  -23.253698    2.960561  -23.912550 
   3.381702  -24.432249    3.618232  -24.846654    3.911164  -25.161376    4.280778 
 -25.446189    4.659879  -25.714550    5.160256  -25.852700    5.530792  -26.060416 
   6.142944  -26.083621    6.735652  -26.393654    7.325341  -26.670497    7.919816 
 -26.901582    8.499801  -27.089661    9.134778  -27.206564    9.903729  -27.274060 
  10.387131  -27.636878   10.828354  -27.971324   11.420987  -28.180770   11.844194 
 -28.501389   12.372846  -28.637758   12.984458  -28.652362   13.468245  -28.845691 
  13.960844  -29.042314   14.456929  -29.253698   15.072427  -29.307236   15.751544 
 -29.313391   16.254926  -29.494711   16.677876  -29.716844   17.268740  -29.681136 
  17.666202  -29.840190   18.067056  -29.849221   18.472873  -29.878081   18.844672 
 -30.014337 
0
0
